# x   |  y    | demand	| numItems | l - w (for each item)
30.0	40.0	0.0	0
37.0	52.0	7.0	3	5	11	11	6	17	4
49.0	49.0	30.0	1	16	3
52.0	64.0	16.0	4	13	3	6	2	11	5	12	5
20.0	26.0	9.0	2	5	4	4	14
40.0	30.0	21.0	4	24	2	5	5	7	10	6	6
21.0	47.0	15.0	4	7	7	6	6	28	4	26	3
17.0	63.0	19.0	2	6	8	5	5
31.0	62.0	23.0	3	25	3	8	2	6	12
52.0	33.0	11.0	2	25	2	17	3
51.0	21.0	5.0	1	5	5
42.0	41.0	19.0	4	6	14	10	8	27	4	10	2
31.0	32.0	29.0	3	21	2	5	4	7	5
5.0	25.0	23.0	3	24	3	14	4	4	11
12.0	42.0	21.0	3	15	5	8	4	4	10
36.0	16.0	10.0	1	31	4