# x   |  y    | demand	| numItems | l - w (for each item)
30.0	40.0	0.0	0
37.0	52.0	7.0	4	11	5	21	3	19	3	10	3
49.0	49.0	30.0	4	4	2	6	11	5	5	7	10
52.0	64.0	16.0	4	15	4	5	5	6	11	6	5
20.0	26.0	9.0	1	19	4
40.0	30.0	21.0	4	7	5	12	5	6	5	4	4
21.0	47.0	15.0	1	11	4
17.0	63.0	19.0	5	4	11	23	2	14	4	6	2	8	4
31.0	62.0	23.0	3	16	3	10	3	4	5
52.0	33.0	11.0	4	5	9	5	6	7	3	23	2
51.0	21.0	5.0	3	7	3	18	3	4	5
42.0	41.0	19.0	4	12	6	5	5	24	4	7	7
31.0	32.0	29.0	2	17	4	5	4
5.0	25.0	23.0	1	20	3
12.0	42.0	21.0	2	5	11	9	5
36.0	16.0	10.0	3	5	11	7	4	5	5