# x   |  y    | demand	| numItems | l - w (for each item)
30.0	40.0	0.0	0
37.0	52.0	7.0	4	5	12	7	7	15	3	11	3
49.0	49.0	30.0	2	28	2	6	14
52.0	64.0	16.0	1	8	9
20.0	26.0	9.0	4	8	11	15	7	11	2	6	9
40.0	30.0	21.0	1	13	2
21.0	47.0	15.0	4	12	5	16	3	29	3	13	7
17.0	63.0	19.0	3	8	4	6	6	6	5
31.0	62.0	23.0	3	7	6	16	6	13	8
52.0	33.0	11.0	2	21	2	5	12
51.0	21.0	5.0	1	5	9
42.0	41.0	19.0	1	11	3
31.0	32.0	29.0	1	7	12
5.0	25.0	23.0	3	7	13	7	13	8	7
12.0	42.0	21.0	3	26	3	17	3	32	3
36.0	16.0	10.0	4	24	3	9	5	5	6	5	10