# x   |  y    | demand	| numItems | l - w (for each item)
30.0	40.0	0.0	0
42.0	41.0	19.0	1	7	13
31.0	32.0	29.0	2	30	3	24	3
5.0	25.0	23.0	1	9	10
12.0	42.0	21.0	2	16	6	15	6
36.0	16.0	10.0	1	14	8
52.0	41.0	15.0	1	32	4
27.0	23.0	3.0	1	29	2
17.0	33.0	41.0	1	18	3
13.0	13.0	9.0	2	4	16	17	5
57.0	58.0	28.0	2	15	4	29	3
62.0	42.0	8.0	2	6	18	18	7
42.0	57.0	8.0	2	13	10	22	4
16.0	57.0	16.0	1	18	10
8.0	52.0	10.0	2	7	12	31	3
7.0	38.0	28.0	1	25	2
27.0	68.0	7.0	1	18	8
30.0	48.0	15.0	2	18	7	11	4
43.0	67.0	14.0	1	9	10
58.0	48.0	6.0	1	29	3
58.0	27.0	19.0	2	6	16	35	3