# x   |  y    | demand	| numItems | l - w (for each item)
30.0	40.0	0.0	0
42.0	41.0	19.0	1	6	5
31.0	32.0	29.0	4	4	5	23	4	8	4	6	12
5.0	25.0	23.0	1	4	6
12.0	42.0	21.0	4	24	2	6	7	5	11	27	4
36.0	16.0	10.0	2	5	14	27	2
52.0	41.0	15.0	4	6	14	29	3	25	4	10	2
27.0	23.0	3.0	3	6	7	9	7	30	2
17.0	33.0	41.0	1	13	5
13.0	13.0	9.0	1	10	4
57.0	58.0	28.0	1	32	2
62.0	42.0	8.0	1	17	4
42.0	57.0	8.0	1	16	4
16.0	57.0	16.0	2	5	4	6	12
8.0	52.0	10.0	4	8	7	28	3	5	13	20	3
7.0	38.0	28.0	4	26	4	20	4	9	4	7	11
27.0	68.0	7.0	1	5	3
30.0	48.0	15.0	4	6	6	5	4	26	2	8	6
43.0	67.0	14.0	1	5	5
58.0	48.0	6.0	3	5	8	7	9	5	13
58.0	27.0	19.0	1	19	3