# x   |  y    | demand	| numItems | l - w (for each item)
30.0	40.0	0.0	0
42.0	41.0	19.0	2	9	5	14	2
31.0	32.0	29.0	1	14	2
5.0	25.0	23.0	2	8	6	13	7
12.0	42.0	21.0	3	6	6	7	9	6	15
36.0	16.0	10.0	1	15	5
52.0	41.0	15.0	3	6	9	12	6	8	9
27.0	23.0	3.0	1	7	6
17.0	33.0	41.0	2	14	3	6	13
13.0	13.0	9.0	2	9	7	7	13
57.0	58.0	28.0	3	20	3	15	3	24	4
62.0	42.0	8.0	3	22	2	7	12	14	8
42.0	57.0	8.0	2	7	14	15	5
16.0	57.0	16.0	3	18	3	30	2	5	14
8.0	52.0	10.0	3	6	11	4	10	8	7
7.0	38.0	28.0	2	27	3	15	5
27.0	68.0	7.0	3	14	6	16	6	6	12
30.0	48.0	15.0	2	8	13	6	8
43.0	67.0	14.0	3	6	13	8	11	21	3
58.0	48.0	6.0	3	8	9	16	3	14	3
58.0	27.0	19.0	2	6	8	21	4