# x   |  y    | demand	| numItems | l - w (for each item)
145.0	215.0	0.0	0
151.0	264.0	1100.0	2	22	3	19	3
159.0	261.0	700.0	2	10	6	19	2
130.0	254.0	800.0	1	8	12
128.0	252.0	1400.0	1	10	7
163.0	247.0	2100.0	1	26	4
146.0	246.0	400.0	2	13	5	8	7
161.0	242.0	800.0	2	12	8	8	17
142.0	239.0	100.0	1	16	7
163.0	236.0	500.0	2	21	3	7	16
148.0	232.0	600.0	1	15	7
128.0	231.0	1200.0	1	6	18
156.0	217.0	1300.0	2	19	3	11	6
129.0	214.0	1300.0	2	31	3	16	8
146.0	208.0	300.0	1	8	7
164.0	208.0	900.0	2	34	3	6	13
141.0	206.0	2100.0	1	7	9
147.0	193.0	1000.0	2	5	10	16	2
164.0	193.0	900.0	2	6	14	29	3
129.0	189.0	2500.0	2	32	3	21	3
155.0	185.0	1800.0	2	16	4	10	7
139.0	182.0	700.0	1	4	11