# x   |  y    | demand	| numItems | l - w (for each item)
266.0	235.0	0.0	0
295.0	272.0	125.0	3	8	14	5	11	15	5
301.0	258.0	84.0	2	14	8	19	2
309.0	260.0	60.0	3	6	7	4	6	16	2
217.0	274.0	500.0	3	5	11	22	4	21	3
218.0	278.0	300.0	1	25	4
282.0	267.0	175.0	1	32	2
242.0	249.0	350.0	1	9	6
230.0	262.0	150.0	1	8	14
249.0	268.0	1100.0	2	8	9	6	9
256.0	267.0	4100.0	3	5	8	27	3	26	3
265.0	257.0	225.0	2	14	8	15	2
267.0	242.0	300.0	3	11	6	12	5	14	3
259.0	265.0	250.0	1	28	3
315.0	233.0	500.0	1	26	2
329.0	252.0	150.0	1	4	9
318.0	252.0	100.0	1	4	10
329.0	224.0	250.0	3	8	11	6	10	15	3
267.0	213.0	120.0	3	4	10	11	7	16	5
275.0	192.0	600.0	3	6	10	18	4	22	3
303.0	201.0	500.0	1	9	5
208.0	217.0	175.0	1	19	3
326.0	181.0	75.0	1	7	12