# x   |  y    | demand	| numItems | h - w (for each item)
266.0   235.0	0.0	0
295.0   272.0   125.0	3	5	6	13	4	19	3
301.0   258.0	84.0	1	10	3
309.0   260.0   60.0	1	8	2
217.0   274.0   500.0	5	13	2	9	3	10	6	14	4	11	3
218.0   278.0   300.0	3	4	2	12	3	10	2
282.0   267.0   175.0	1	5	2
242.0   249.0   350.0	1	11	3
230.0   262.0   150.0	3	5	11	10	6	5	4
249.0   268.0	1100.0	2	7	5	7	2
256.0   267.0  	4100.0	1	4	6
265.0   257.0   225.0	4	5	2	5	4	5	4	9	3
267.0   242.0   300.0	1	5	4
259.0   265.0   250.0	1	8	10
315.0   233.0   500.0	1	20	4
329.0   252.0   150.0	4	6	4	5	11	6	10	6	6
318.0   252.0   100.0	2	8	2	7	3
329.0   224.0   250.0	2	5	6	15	3
267.0   213.0   120.0	4	4	5	4	7	8	3	20	3
275.0   192.0   600.0	3	7	2	6	3	5	3
303.0   201.0   500.0	1	6	10
208.0   217.0   175.0	5	7	4	6	5	18	4	12	4	6	6
326.0   181.0	75.0	3	8	4	11	3	7	6