# x   |  y    | demand	| numItems | l - w (for each item)
266.0	235.0	0.0	0
295.0	272.0	125.0	1	17	4
301.0	258.0	84.0	1	16	3
309.0	260.0	60.0	1	7	13
217.0	274.0	500.0	2	6	16	18	5
218.0	278.0	300.0	2	7	15	13	9
282.0	267.0	175.0	1	15	4
242.0	249.0	350.0	2	9	6	30	4
230.0	262.0	150.0	1	5	16
249.0	268.0	1100.0	1	16	7
256.0	267.0	4100.0	2	5	16	19	7
265.0	257.0	225.0	2	18	8	34	3
267.0	242.0	300.0	1	6	16
259.0	265.0	250.0	1	28	3
315.0	233.0	500.0	2	10	6	29	3
329.0	252.0	150.0	2	20	5	32	4
318.0	252.0	100.0	1	11	6
329.0	224.0	250.0	2	14	9	13	4
267.0	213.0	120.0	1	12	3
275.0	192.0	600.0	2	7	10	17	4
303.0	201.0	500.0	1	19	6
208.0	217.0	175.0	1	23	3
326.0	181.0	75.0	2	14	9	7	9