# x   |  y    | demand	| numItems | l - w (for each item)
266.0	235.0	0.0	0
295.0	272.0	125.0	4	7	11	7	9	11	4	5	4
301.0	258.0	84.0	3	18	3	19	4	7	2
309.0	260.0	60.0	2	22	2	18	4
217.0	274.0	500.0	1	8	6
218.0	278.0	300.0	1	16	2
282.0	267.0	175.0	2	7	9	6	2
242.0	249.0	350.0	3	11	5	19	4	7	3
230.0	262.0	150.0	4	10	3	12	4	5	3	18	3
249.0	268.0	1100.0	3	5	10	4	12	16	4
256.0	267.0	4100.0	1	19	3
265.0	257.0	225.0	3	5	6	6	6	5	4
267.0	242.0	300.0	5	10	4	7	5	17	4	6	5	11	2
259.0	265.0	250.0	2	5	6	6	5
315.0	233.0	500.0	4	8	3	8	4	13	3	20	4
329.0	252.0	150.0	1	18	3
318.0	252.0	100.0	3	8	6	5	3	7	7
329.0	224.0	250.0	2	8	2	23	2
267.0	213.0	120.0	1	7	10
275.0	192.0	600.0	1	6	7
303.0	201.0	500.0	3	11	4	8	9	4	3
208.0	217.0	175.0	3	7	11	23	2	4	5
326.0	181.0	75.0	3	5	3	7	3	4	8