# x   |  y    | demand	| numItems | h - w (for each item)
266.0   235.0	0.0	0
295.0   272.0   125.0	3	13	6	11	4	18	3
301.0   258.0	84.0	1	17	3
309.0   260.0   60.0	3	14	8	14	7	16	2
217.0   274.0   500.0	2	13	7	8	8
218.0   278.0   300.0	1	26	3
282.0   267.0   175.0	1	23	4
242.0   249.0   350.0	1	31	2
230.0   262.0   150.0	1	11	4
249.0   268.0	1100.0	1	7	9
256.0   267.0  	4100.0	1	22	2
265.0   257.0   225.0	3	30	3	7	10	10	7
267.0   242.0   300.0	1	22	3
259.0   265.0   250.0	3	11	5	4	8	8	16
315.0   233.0   500.0	2	12	7	17	3
329.0   252.0   150.0	1	6	14
318.0   252.0   100.0	2	15	7	16	3
329.0   224.0   250.0	3	10	5	19	3	12	8
267.0   213.0   120.0	2	7	12	7	9
275.0   192.0   600.0	3	13	3	6	8	7	12
303.0   201.0   500.0	3	30	4	13	2	27	3
208.0   217.0   175.0	1	13	3
326.0   181.0	75.0	3	16	3	13	4	7	7