# x   |  y    | demand	| numItems | l - w (for each item)
266.0	235.0	0.0	0
295.0	272.0	125.0	3	6	12	6	11	8	9
301.0	258.0	84.0	3	13	2	6	4	25	2
309.0	260.0	60.0	2	11	6	6	11
217.0	274.0	500.0	3	14	3	8	5	4	7
218.0	278.0	300.0	1	5	10
282.0	267.0	175.0	4	6	13	6	6	17	2	10	7
242.0	249.0	350.0	1	8	9
230.0	262.0	150.0	1	27	2
249.0	268.0	1100.0	1	24	3
256.0	267.0	4100.0	3	5	8	11	6	5	6
265.0	257.0	225.0	4	10	4	8	13	8	3	6	6
267.0	242.0	300.0	4	9	3	27	4	9	5	21	2
259.0	265.0	250.0	1	9	2
315.0	233.0	500.0	1	14	6
329.0	252.0	150.0	2	6	3	8	13
318.0	252.0	100.0	4	21	4	12	7	4	6	8	4
329.0	224.0	250.0	3	14	5	13	3	6	4
267.0	213.0	120.0	3	29	2	12	5	6	7
275.0	192.0	600.0	2	5	7	4	9
303.0	201.0	500.0	1	5	13
208.0	217.0	175.0	2	5	13	5	5
326.0	181.0	75.0	2	17	4	21	3