# x   |  y    | demand	| numItems | l - w (for each item)
30.0	40.0	0.0	0
52.0	41.0	15.0	1	9	9
27.0	23.0	3.0	1	30	4
17.0	33.0	41.0	1	34	4
13.0	13.0	9.0	2	18	3	33	2
57.0	58.0	28.0	2	5	9	15	10
62.0	42.0	8.0	2	30	4	19	4
42.0	57.0	8.0	1	19	8
16.0	57.0	16.0	2	6	10	26	3
8.0	52.0	10.0	1	7	11
7.0	38.0	28.0	2	13	7	24	2
27.0	68.0	7.0	2	9	6	11	8
30.0	48.0	15.0	2	5	14	28	4
43.0	67.0	14.0	2	20	6	7	13
58.0	48.0	6.0	2	4	15	5	16
58.0	27.0	19.0	2	7	16	19	9
37.0	69.0	11.0	2	9	5	16	3
38.0	46.0	12.0	2	17	3	8	18
46.0	10.0	23.0	1	24	4
61.0	33.0	26.0	2	28	4	23	3
62.0	63.0	17.0	1	31	3
63.0	69.0	6.0	2	5	17	4	18
32.0	22.0	9.0	2	17	9	7	14
45.0	35.0	15.0	1	34	2
59.0	15.0	14.0	1	5	17
5.0	6.0	7.0	1	14	7