# x   |  y    | demand	| numItems | l - w (for each item)
162.0	354.0	0.0	0
218.0	382.0	300.0	2	8	15	21	4
218.0	358.0	3100.0	2	7	12	22	3
201.0	370.0	125.0	2	19	8	17	3
214.0	371.0	100.0	1	29	3
224.0	370.0	200.0	2	7	8	17	7
210.0	382.0	150.0	1	7	15
104.0	354.0	150.0	1	22	3
126.0	338.0	450.0	2	7	15	23	4
119.0	340.0	300.0	1	18	6
129.0	349.0	100.0	1	22	3
126.0	347.0	950.0	2	12	8	19	5
125.0	346.0	125.0	1	18	4
116.0	355.0	150.0	2	7	14	9	5
126.0	335.0	150.0	1	10	6
125.0	355.0	550.0	2	8	11	17	3
119.0	357.0	150.0	2	15	7	19	3
115.0	341.0	100.0	1	10	9
153.0	351.0	150.0	2	7	14	16	2
175.0	363.0	400.0	1	22	3
180.0	360.0	300.0	2	6	8	16	6
159.0	331.0	1500.0	1	24	3
188.0	357.0	100.0	1	9	9
152.0	349.0	300.0	1	17	3
215.0	389.0	500.0	2	11	9	31	3
212.0	394.0	800.0	1	20	2
188.0	393.0	300.0	1	25	4
207.0	406.0	100.0	2	7	14	21	2
184.0	410.0	150.0	2	6	14	30	2
207.0	392.0	1000.0	1	20	8