# x   |  y    | demand	| numItems | l - w (for each item)
162.0	354.0	0.0	0
218.0	382.0	300.0	1	17	2
218.0	358.0	3100.0	2	6	12	6	5
201.0	370.0	125.0	3	6	6	6	5	5	2
214.0	371.0	100.0	5	12	5	11	4	5	4	10	3	5	2
224.0	370.0	200.0	2	10	4	10	2
210.0	382.0	150.0	3	5	5	16	4	4	4
104.0	354.0	150.0	1	14	4
126.0	338.0	450.0	1	11	4
119.0	340.0	300.0	5	8	11	9	5	20	4	10	4	15	3
129.0	349.0	100.0	3	12	6	19	4	7	4
126.0	347.0	950.0	3	15	4	14	3	9	2
125.0	346.0	125.0	5	7	8	8	5	9	4	6	4	18	3
116.0	355.0	150.0	3	7	10	5	10	8	7
126.0	335.0	150.0	5	9	5	9	4	14	3	5	3	18	2
125.0	355.0	550.0	4	9	5	13	3	9	3	7	3
119.0	357.0	150.0	2	11	5	12	4
115.0	341.0	100.0	4	12	4	5	4	15	3	23	2
153.0	351.0	150.0	3	7	4	5	4	13	3
175.0	363.0	400.0	2	5	7	14	4
180.0	360.0	300.0	2	6	12	6	3
159.0	331.0	1500.0	1	7	4
188.0	357.0	100.0	2	12	4	12	3
152.0	349.0	300.0	3	5	11	5	5	5	4
215.0	389.0	500.0	2	7	11	7	3
212.0	394.0	800.0	1	19	3
188.0	393.0	300.0	5	11	5	10	4	8	4	7	3	7	2
207.0	406.0	100.0	5	7	11	6	10	6	5	15	4	20	3
184.0	410.0	150.0	3	5	8	7	6	11	2
207.0	392.0	1000.0	5	16	4	6	4	5	4	4	4	7	2