# x   |  y    | demand	| numItems | l - w (for each item)
162.0	354.0	0.0	0
218.0	382.0	300.0	1	4	17
218.0	358.0	3100.0	1	31	3
201.0	370.0	125.0	2	5	16	19	6
214.0	371.0	100.0	1	5	15
224.0	370.0	200.0	1	29	3
210.0	382.0	150.0	1	13	6
104.0	354.0	150.0	1	23	2
126.0	338.0	450.0	2	5	13	16	2
119.0	340.0	300.0	1	10	10
129.0	349.0	100.0	1	9	5
126.0	347.0	950.0	2	18	9	8	6
125.0	346.0	125.0	2	28	4	35	3
116.0	355.0	150.0	2	8	7	21	3
126.0	335.0	150.0	2	6	14	31	2
125.0	355.0	550.0	2	17	9	25	2
119.0	357.0	150.0	1	10	6
115.0	341.0	100.0	2	19	10	14	5
153.0	351.0	150.0	2	14	9	35	4
175.0	363.0	400.0	1	21	3
180.0	360.0	300.0	1	7	8
159.0	331.0	1500.0	1	5	10
188.0	357.0	100.0	2	18	7	29	4
152.0	349.0	300.0	1	31	3
215.0	389.0	500.0	1	8	9
212.0	394.0	800.0	2	4	14	6	11
188.0	393.0	300.0	2	7	16	26	2
207.0	406.0	100.0	1	26	4
184.0	410.0	150.0	2	27	4	25	3
207.0	392.0	1000.0	2	13	8	20	3