# x   |  y    | demand	| numItems | h - w (for each item)
40.0    40.0     0.0	0
22.0    22.0    18.0	2	4	6	23	3
36.0    26.0    26.0	1	15	2
21.0    45.0    11.0	1	5	14
45.0    35.0    30.0	4	7	13	6	13	8	10	7	4
55.0    20.0    21.0	2	27	3	15	2
33.0    34.0    19.0	4	7	11	8	6	19	4	15	3
50.0    50.0    15.0	3	8	12	13	3	17	2
55.0    45.0    16.0	4	7	11	5	7	21	4	13	3
26.0    59.0    29.0	3	13	8	20	3	14	3
40.0    66.0    26.0	4	7	11	7	5	13	2	9	2
55.0    65.0    37.0	3	13	4	31	3	15	3
35.0    51.0    16.0	1	6	6
62.0    35.0    12.0	4	8	14	6	12	7	7	24	4
62.0    57.0    31.0	1	21	3
62.0    24.0     8.0	4	6	12	15	6	12	4	4	4
21.0    36.0    19.0	3	15	4	6	4	23	2
33.0    44.0    20.0	1	7	13
9.0     56.0    13.0	4	6	9	5	8	8	5	6	4
62.0    48.0    15.0	3	6	5	5	5	4	5
66.0    14.0    22.0	2	7	9	6	8
44.0    13.0    28.0	2	6	10	9	4
26.0    13.0    12.0	4	6	8	32	4	20	4	29	2
11.0    28.0     6.0	1	11	5
7.0     43.0    27.0	1	27	2
17.0    64.0    14.0	3	6	13	6	9	8	5
41.0    46.0    18.0	2	7	10	12	5
55.0    34.0    17.0	4	6	14	6	5	23	4	14	4
35.0    16.0    29.0	3	11	4	28	3	5	2
52.0    26.0    13.0	4	7	12	5	12	5	9	15	7
43.0    26.0    22.0	4	14	5	14	4	4	4	21	3