# x   |  y    | demand	| numItems | h - w (for each item)
40.0    40.0     0.0	0
22.0    22.0    18.0	1	7	16
36.0    26.0    26.0	3	7	14	5	10	19	3
21.0    45.0    11.0	1	12	3
45.0    35.0    30.0	2	5	8	14	5
55.0    20.0    21.0	2	8	13	20	4
33.0    34.0    19.0	2	11	7	27	3
50.0    50.0    15.0	3	6	12	6	9	14	8
55.0    45.0    16.0	1	14	3
26.0    59.0    29.0	3	5	10	12	6	28	3
40.0    66.0    26.0	1	11	4
55.0    65.0    37.0	2	4	14	9	4
35.0    51.0    16.0	2	5	13	12	7
62.0    35.0    12.0	2	20	3	13	3
62.0    57.0    31.0	3	6	15	5	9	4	8
62.0    24.0     8.0	2	7	7	31	2
21.0    36.0    19.0	2	5	15	5	14
33.0    44.0    20.0	3	7	16	10	7	17	2
9.0     56.0    13.0	2	9	5	13	4
62.0    48.0    15.0	3	7	9	16	8	12	6
66.0    14.0    22.0	2	9	5	27	4
44.0    13.0    28.0	1	6	7
26.0    13.0    12.0	2	12	8	7	7
11.0    28.0     6.0	1	8	11
7.0     43.0    27.0	2	5	10	15	6
17.0    64.0    14.0	2	16	3	27	2
41.0    46.0    18.0	1	13	5
55.0    34.0    17.0	1	7	8
35.0    16.0    29.0	2	10	7	12	6
52.0    26.0    13.0	1	5	11
43.0    26.0    22.0	1	8	6