# x   |  y    | demand	| numItems | h - w (for each item)
40.0    40.0     0.0	0
22.0    22.0    18.0	1	7	9
36.0    26.0    26.0	2	13	5	29	3
21.0    45.0    11.0	1	35	4
45.0    35.0    30.0	2	15	6	22	3
55.0    20.0    21.0	2	18	5	33	3
33.0    34.0    19.0	1	6	14
50.0    50.0    15.0	2	8	17	5	17
55.0    45.0    16.0	1	8	12
26.0    59.0    29.0	1	17	6
40.0    66.0    26.0	2	29	3	26	2
55.0    65.0    37.0	1	8	9
35.0    51.0    16.0	1	12	7
62.0    35.0    12.0	1	16	9
62.0    57.0    31.0	2	14	9	15	6
62.0    24.0     8.0	2	34	4	23	2
21.0    36.0    19.0	2	14	5	26	2
33.0    44.0    20.0	2	20	5	32	3
9.0     56.0    13.0	2	22	3	22	3
62.0    48.0    15.0	2	20	5	27	2
66.0    14.0    22.0	2	7	15	8	6
44.0    13.0    28.0	2	16	4	33	3
26.0    13.0    12.0	2	18	10	32	4
11.0    28.0     6.0	2	28	3	21	3
7.0     43.0    27.0	2	18	8	15	8
17.0    64.0    14.0	2	14	5	22	3
41.0    46.0    18.0	1	7	8
55.0    34.0    17.0	2	4	17	10	10
35.0    16.0    29.0	2	4	16	27	4
52.0    26.0    13.0	2	7	12	6	12
43.0    26.0    22.0	1	17	7