# x   |  y    | demand	| numItems | h - w (for each item)
292.0   495.0     0.0	0
298.0   427.0   700.0	4	7	10	6	9	10	5	12	4
309.0   445.0   400.0	1	8	4
307.0   464.0   400.0	4	5	6	22	3	8	3	7	2
336.0   475.0  1200.0	3	7	11	7	4	11	3
320.0   439.0    40.0	1	10	3
321.0   437.0    80.0	4	9	6	10	5	8	3	5	2
322.0   437.0  2000.0	1	7	5
323.0   433.0   900.0	2	5	11	11	4
324.0   433.0   600.0	1	11	3
323.0   429.0   750.0	1	6	3
314.0   435.0  1500.0	3	5	11	5	4	9	2
311.0   442.0   150.0	2	21	4	22	3
304.0   427.0   250.0	3	11	6	5	4	7	3
293.0   421.0  1600.0	5	8	10	6	6	11	3	5	3	5	3
296.0   418.0   450.0	3	12	5	4	3	4	3
261.0   384.0   700.0	3	5	9	6	5	14	3
297.0   410.0   550.0	5	9	4	7	4	13	3	13	2	11	2
315.0   407.0   650.0	4	10	6	6	6	11	4	9	3
314.0   406.0   200.0	2	4	3	10	2
321.0   391.0   400.0	2	6	4	5	4
321.0   398.0   300.0	1	13	3
314.0   394.0  1300.0	2	6	5	4	5
313.0   378.0   700.0	4	6	7	20	3	8	3	6	3
304.0   382.0   750.0	4	4	8	7	4	7	4	7	2
295.0   402.0  1400.0	4	5	8	8	6	6	6	7	3
283.0   406.0  4000.0	1	6	3
279.0   399.0   600.0	3	7	6	8	5	20	3
271.0   401.0  1000.0	5	6	9	11	3	9	3	9	2	7	2
264.0   414.0   500.0	1	21	2
277.0   439.0  2500.0	4	6	6	5	4	22	3	14	3
290.0   434.0  1700.0	3	5	6	6	4	18	2
319.0   433.0  1100.0	1	21	2