# x   |  y    | demand	| numItems | l - w (for each item)
250.0	200.0	0.0	0
10.0	260.0	3500.0	3	21	4	11	4	5	4
313.0	382.0	25705.0	3	7	7	31	3	19	3
467.0	67.0	713.0	4	10	5	32	4	11	4	24	2
205.0	254.0	2267.0	2	5	10	25	3
275.0	34.0	447.0	3	16	7	10	5	12	3
269.0	262.0	1847.0	1	7	7
293.0	269.0	1437.0	1	15	7
333.0	212.0	3720.0	4	5	14	4	12	21	3	18	2
304.0	202.0	1115.0	4	4	8	8	7	6	7	10	3
286.0	207.0	273.0	4	5	8	7	6	4	5	11	4
288.0	191.0	5494.0	4	7	11	5	10	28	3	19	2
295.0	235.0	1944.0	3	6	12	4	4	21	3
50.0	249.0	250.0	4	13	8	13	7	7	7	9	2
484.0	179.0	1500.0	1	18	3
447.0	189.0	3585.0	2	9	6	5	2
215.0	204.0	140.0	1	10	5
22.0	255.0	629.0	1	31	3
267.0	316.0	479.0	3	14	7	27	3	19	2
391.0	196.0	17456.0	1	5	7
399.0	122.0	1143.0	2	5	10	12	7
363.0	187.0	1919.0	1	5	4
355.0	236.0	826.0	4	6	12	6	7	6	5	17	3
378.0	203.0	3264.0	1	8	10
458.0	218.0	1570.0	2	26	3	16	3
383.0	181.0	2215.0	2	4	8	14	3
240.0	326.0	1239.0	3	4	9	11	3	5	3
273.0	349.0	580.0	2	13	3	22	2
278.0	374.0	5000.0	2	14	7	9	6
352.0	271.0	100.0	4	4	14	8	13	8	13	5	6
324.0	295.0	201.0	2	13	6	7	5
249.0	250.0	6747.0	1	18	3
65.0	248.0	1260.0	3	10	5	7	5	16	2