# x   |  y    | demand	| numItems | l - w (for each item)
292.0	495.0	0.0	0
298.0	427.0	700.0	1	10	5
309.0	445.0	400.0	1	21	3
307.0	464.0	400.0	2	5	9	6	13
336.0	475.0	1200.0	4	4	9	5	8	16	7	11	7
320.0	439.0	40.0	1	22	3
321.0	437.0	80.0	2	20	4	19	3
322.0	437.0	2000.0	1	25	4
323.0	433.0	900.0	4	6	9	13	6	18	3	18	2
324.0	433.0	600.0	4	8	7	13	6	7	4	15	2
323.0	429.0	750.0	3	16	6	6	7	21	2
314.0	435.0	1500.0	2	6	13	4	12
311.0	442.0	150.0	2	27	3	30	2
304.0	427.0	250.0	4	12	6	14	3	10	3	16	2
293.0	421.0	1600.0	2	8	8	10	5
296.0	418.0	450.0	4	6	9	8	8	6	5	10	3
261.0	384.0	700.0	4	4	7	15	5	6	5	12	3
297.0	410.0	550.0	2	7	10	8	5
315.0	407.0	650.0	4	4	11	7	4	16	3	15	3
314.0	406.0	200.0	2	20	3	13	2
321.0	391.0	400.0	2	6	13	15	7
321.0	398.0	300.0	2	9	8	7	8
314.0	394.0	1300.0	4	4	11	6	7	20	3	23	2
313.0	378.0	700.0	1	4	7
304.0	382.0	750.0	1	11	4
295.0	402.0	1400.0	4	8	9	5	7	13	4	10	4
283.0	406.0	4000.0	3	7	8	5	12	9	3
279.0	399.0	600.0	2	7	5	22	3
271.0	401.0	1000.0	3	5	6	5	4	28	3
264.0	414.0	500.0	2	6	9	9	7
277.0	439.0	2500.0	4	7	9	14	8	24	4	25	2
290.0	434.0	1700.0	3	21	4	12	3	25	2
319.0	433.0	1100.0	4	4	11	24	3	16	3	6	2