# x   |  y    | demand	| numItems | l - w (for each item)
250.0	200.0	0.0	0
10.0	260.0	3500.0	1	16	4
313.0	382.0	25705.0	2	7	16	18	7
467.0	67.0	713.0	1	6	9
205.0	254.0	2267.0	1	4	16
275.0	34.0	447.0	1	16	4
269.0	262.0	1847.0	1	33	3
293.0	269.0	1437.0	2	6	9	29	3
333.0	212.0	3720.0	1	29	4
304.0	202.0	1115.0	1	6	15
286.0	207.0	273.0	1	20	6
288.0	191.0	5494.0	1	12	9
295.0	235.0	1944.0	1	27	2
50.0	249.0	250.0	1	26	2
484.0	179.0	1500.0	2	5	14	12	8
447.0	189.0	3585.0	1	7	17
215.0	204.0	140.0	2	6	18	7	12
22.0	255.0	629.0	2	8	17	11	6
267.0	316.0	479.0	1	22	4
391.0	196.0	17456.0	1	8	9
399.0	122.0	1143.0	1	5	10
363.0	187.0	1919.0	1	33	3
355.0	236.0	826.0	2	6	14	28	3
378.0	203.0	3264.0	1	19	8
458.0	218.0	1570.0	2	7	12	16	3
383.0	181.0	2215.0	1	6	13
240.0	326.0	1239.0	2	8	14	12	5
273.0	349.0	580.0	2	7	15	13	7
278.0	374.0	5000.0	2	17	5	32	4
352.0	271.0	100.0	1	32	3
324.0	295.0	201.0	1	16	9
249.0	250.0	6747.0	2	20	6	10	4
65.0	248.0	1260.0	2	4	12	22	3