# x   |  y    | demand	| numItems | l - w (for each item)
292.0	495.0	0.0	0
298.0	427.0	700.0	2	21	3	19	3
309.0	445.0	400.0	1	5	9
307.0	464.0	400.0	2	7	12	15	9
336.0	475.0	1200.0	2	7	10	28	3
320.0	439.0	40.0	1	18	5
321.0	437.0	80.0	1	6	10
322.0	437.0	2000.0	2	6	11	28	3
323.0	433.0	900.0	1	13	9
324.0	433.0	600.0	2	13	5	10	5
323.0	429.0	750.0	2	5	14	8	4
314.0	435.0	1500.0	2	8	13	27	2
311.0	442.0	150.0	1	18	8
304.0	427.0	250.0	2	10	9	12	5
293.0	421.0	1600.0	2	4	12	24	4
296.0	418.0	450.0	1	26	3
261.0	384.0	700.0	1	9	9
297.0	410.0	550.0	1	6	7
315.0	407.0	650.0	1	9	9
314.0	406.0	200.0	1	7	15
321.0	391.0	400.0	1	11	7
321.0	398.0	300.0	1	10	8
314.0	394.0	1300.0	2	6	17	12	7
313.0	378.0	700.0	1	5	9
304.0	382.0	750.0	1	17	6
295.0	402.0	1400.0	2	19	5	17	3
283.0	406.0	4000.0	2	19	4	21	2
279.0	399.0	600.0	1	19	4
271.0	401.0	1000.0	2	7	15	16	3
264.0	414.0	500.0	1	8	7
277.0	439.0	2500.0	2	6	15	4	15
290.0	434.0	1700.0	2	23	4	21	2
319.0	433.0	1100.0	2	14	8	18	2