# x   |  y    | demand	| numItems | l - w (for each item)
40.0	40.0	0.0	0
22.0	22.0	18.0	2	12	3	12	3
36.0	26.0	26.0	3	4	6	6	5	5	5
21.0	45.0	11.0	5	8	9	6	6	9	4	7	4	16	3
45.0	35.0	30.0	4	6	11	5	10	8	8	6	4
55.0	20.0	21.0	4	8	6	11	3	10	3	11	2
33.0	34.0	19.0	4	5	8	5	8	14	4	11	4
50.0	50.0	15.0	5	11	5	8	5	11	4	7	3	15	2
55.0	45.0	16.0	4	4	8	8	5	24	4	11	3
26.0	59.0	29.0	4	6	7	8	3	20	2	15	2
40.0	66.0	26.0	1	12	3
55.0	65.0	37.0	5	8	5	5	5	6	4	9	3	20	2
35.0	51.0	16.0	4	4	7	18	4	10	3	10	2
62.0	35.0	12.0	2	14	3	5	3
62.0	57.0	31.0	4	6	4	23	3	22	3	7	3
62.0	24.0	8.0	2	11	3	19	2
21.0	36.0	19.0	3	7	4	7	3	9	2
33.0	44.0	20.0	5	12	5	10	5	8	5	6	4	18	2
9.0	56.0	13.0	4	8	11	7	5	15	3	6	3
62.0	48.0	15.0	1	5	7
66.0	14.0	22.0	5	5	8	7	4	5	3	17	2	13	2
44.0	13.0	28.0	3	6	5	9	3	22	2
26.0	13.0	12.0	1	5	3
11.0	28.0	6.0	1	11	6
7.0	43.0	27.0	5	5	11	8	5	7	4	5	4	5	3
17.0	64.0	14.0	1	8	6
41.0	46.0	18.0	1	19	4
55.0	34.0	17.0	4	12	6	7	6	5	5	10	4
35.0	16.0	29.0	5	7	10	6	5	5	4	10	3	6	2
52.0	26.0	13.0	1	7	3
43.0	26.0	22.0	2	4	7	8	4
31.0	76.0	25.0	5	6	11	8	4	8	3	6	3	5	2
22.0	53.0	28.0	4	7	7	4	6	5	5	12	4
26.0	29.0	27.0	4	24	4	7	4	14	3	5	3
50.0	40.0	19.0	1	8	6
55.0	50.0	10.0	5	8	6	10	4	11	3	7	3	5	2