# x   |  y    | demand	| numItems | l - w (for each item)
40.0	40.0	0.0	0
22.0	22.0	18.0	2	20	5	36	2
36.0	26.0	26.0	2	7	14	7	13
21.0	45.0	11.0	2	5	17	16	6
45.0	35.0	30.0	2	7	13	18	3
55.0	20.0	21.0	1	10	5
33.0	34.0	19.0	1	16	7
50.0	50.0	15.0	1	18	10
55.0	45.0	16.0	2	5	9	15	7
26.0	59.0	29.0	2	18	8	23	3
40.0	66.0	26.0	2	6	9	32	3
55.0	65.0	37.0	1	19	5
35.0	51.0	16.0	1	24	2
62.0	35.0	12.0	1	10	9
62.0	57.0	31.0	2	5	10	14	6
62.0	24.0	8.0	2	4	17	11	10
21.0	36.0	19.0	2	13	9	9	8
33.0	44.0	20.0	1	17	5
9.0	56.0	13.0	1	9	9
62.0	48.0	15.0	2	6	17	35	3
66.0	14.0	22.0	1	8	14
44.0	13.0	28.0	2	11	5	25	3
26.0	13.0	12.0	1	36	4
11.0	28.0	6.0	1	20	7
7.0	43.0	27.0	2	10	5	28	3
17.0	64.0	14.0	1	16	5
41.0	46.0	18.0	2	20	9	28	2
55.0	34.0	17.0	2	4	10	36	2
35.0	16.0	29.0	1	5	14
52.0	26.0	13.0	2	4	11	27	4
43.0	26.0	22.0	2	14	9	29	2
31.0	76.0	25.0	1	5	11
22.0	53.0	28.0	2	7	15	14	6
26.0	29.0	27.0	2	24	3	16	3
50.0	40.0	19.0	2	28	4	27	3
55.0	50.0	10.0	2	7	11	34	3