# x   |  y    | demand	| numItems | h - w (for each item)
40.0	40.0	0.0	0
22.0	22.0	18.0	1	17	3
36.0	26.0	26.0	4	5	11	11	5	6	3	8	2
21.0	45.0	11.0	4	8	9	12	4	16	2	6	2
45.0	35.0	30.0	2	9	4	5	2
55.0	20.0	21.0	4	7	10	9	5	5	5	8	4
33.0	34.0	19.0	3	5	7	11	5	5	4
50.0	50.0	15.0	2	6	10	6	3
55.0	45.0	16.0	3	6	11	10	3	8	2
26.0	59.0	29.0	1	6	5
40.0	66.0	26.0	1	5	3
55.0	65.0	37.0	2	5	10	8	4
35.0	51.0	16.0	5	10	5	7	5	7	5	8	4	9	2
62.0	35.0	12.0	3	10	4	24	3	16	3
62.0	57.0	31.0	2	6	12	23	2
62.0	24.0	8.0	1	4	4
21.0	36.0	19.0	3	10	4	7	3	10	2
33.0	44.0	20.0	1	11	2
9.0	56.0	13.0	4	7	12	7	5	18	3	7	3
62.0	48.0	15.0	5	6	9	15	3	6	3	6	3	6	3
66.0	14.0	22.0	2	8	4	7	2
44.0	13.0	28.0	4	6	8	7	6	4	3	7	2
26.0	13.0	12.0	5	4	8	8	4	10	3	5	3	9	2
11.0	28.0	6.0	1	6	4
7.0	43.0	27.0	5	14	4	9	4	7	4	9	3	5	3
17.0	64.0	14.0	3	11	6	12	4	8	3
41.0	46.0	18.0	4	22	3	16	3	12	3	5	3
55.0	34.0	17.0	5	5	6	13	4	9	4	9	3	11	2
35.0	16.0	29.0	4	7	9	15	4	7	2	4	2
52.0	26.0	13.0	5	11	6	6	5	6	5	15	3	8	3
43.0	26.0	22.0	3	6	7	7	3	8	2
31.0	76.0	25.0	5	5	9	6	5	21	4	10	3	4	3
22.0	53.0	28.0	5	6	8	7	6	11	5	5	4	7	3
26.0	29.0	27.0	4	4	10	7	5	4	4	11	2
50.0	40.0	19.0	3	5	8	9	4	7	3
55.0	50.0	10.0	5	8	6	7	6	10	5	11	4	8	2
54.0	10.0	12.0	2	8	5	9	4
60.0	15.0	14.0	3	15	4	6	3	5	3
47.0	66.0	24.0	3	4	5	13	4	21	2
30.0	60.0	16.0	3	5	6	5	4	8	2
30.0	50.0	33.0	2	9	4	6	4