# x   |  y    | demand	| numItems | h - w (for each item)
40.0	40.0	0.0	0
22.0	22.0	18.0	2	12	7	29	3
36.0	26.0	26.0	1	11	5
21.0	45.0	11.0	1	15	8
45.0	35.0	30.0	1	27	2
55.0	20.0	21.0	1	7	14
33.0	34.0	19.0	2	7	15	30	4
50.0	50.0	15.0	2	5	10	16	8
55.0	45.0	16.0	2	19	9	20	6
26.0	59.0	29.0	1	13	6
40.0	66.0	26.0	1	8	8
55.0	65.0	37.0	2	7	14	20	3
35.0	51.0	16.0	2	5	13	12	5
62.0	35.0	12.0	1	15	8
62.0	57.0	31.0	2	15	9	19	4
62.0	24.0	8.0	1	9	9
21.0	36.0	19.0	1	7	17
33.0	44.0	20.0	1	6	10
9.0	56.0	13.0	1	23	3
62.0	48.0	15.0	1	5	10
66.0	14.0	22.0	2	4	15	19	3
44.0	13.0	28.0	1	27	2
26.0	13.0	12.0	2	5	9	26	3
11.0	28.0	6.0	2	25	4	27	3
7.0	43.0	27.0	2	4	18	4	17
17.0	64.0	14.0	2	19	8	17	7
41.0	46.0	18.0	2	5	8	31	2
55.0	34.0	17.0	1	17	5
35.0	16.0	29.0	2	18	8	21	3
52.0	26.0	13.0	2	19	8	12	7
43.0	26.0	22.0	1	18	8
31.0	76.0	25.0	2	28	3	29	2
22.0	53.0	28.0	2	4	17	23	2
26.0	29.0	27.0	1	30	4
50.0	40.0	19.0	2	8	12	17	2
55.0	50.0	10.0	2	5	11	30	4
54.0	10.0	12.0	1	14	6
60.0	15.0	14.0	1	8	11
47.0	66.0	24.0	2	27	4	36	3
30.0	60.0	16.0	1	25	2
30.0	50.0	33.0	1	18	3