# x   |  y    | demand	| numItems | l - w (for each item)
0.0	0.0	0.0	0
3.0	5.0	33.0	2	6	11	11	5
2.5	9.0	15.0	3	14	6	27	4	15	3
48.0	16.0	10.0	2	16	5	22	4
48.0	17.0	40.0	3	7	12	12	5	29	4
69.0	16.0	15.0	2	8	16	5	10
70.0	16.0	5.0	2	10	5	24	3
64.0	13.0	77.0	1	6	6
3.0	-22.0	435.0	2	7	14	20	4
2.5	1.0	165.0	2	5	8	14	4
-13.0	11.5	120.0	2	6	11	5	10
-20.0	45.0	65.0	2	13	8	10	8
-9.0	52.0	23.0	2	26	3	26	2
-8.5	53.0	18.0	3	10	7	27	3	19	3
-8.0	52.0	550.0	3	5	13	12	4	30	3
2.0	2.0	78.0	3	7	7	6	6	19	3
-2.0	9.0	627.0	3	16	8	12	5	28	2
-10.0	20.0	9.0	1	5	7
-20.0	19.0	96.0	1	8	16
-15.0	-21.0	116.0	3	13	6	8	10	7	6
-5.0	-9.0	116.0	1	8	10
-4.5	-9.0	83.0	3	15	5	19	3	17	3
-52.0	-36.0	41.0	3	4	9	10	5	28	3
-53.0	-36.0	645.0	1	15	6
0.0	0.0	694.0	1	15	5
-30.0	-18.0	573.0	3	7	9	19	2	19	2
-51.0	-35.0	1.0	3	14	6	7	6	25	3
81.0	9.0	181.0	2	7	11	10	5
84.0	-99.0	106.0	1	8	8
82.0	-6.0	52.0	1	25	3
40.0	-12.0	117.0	1	7	15
50.0	-7.0	52.0	2	7	10	27	3
51.0	-8.0	1300.0	3	14	7	20	3	28	2
63.0	-17.0	57.0	1	9	8
45.0	-1.0	28.0	3	14	8	6	8	26	3
54.0	8.5	84.0	1	4	11
29.0	4.0	1.0	1	6	10
21.0	3.0	54.0	2	5	15	6	7
22.0	2.0	19.0	3	23	3	20	3	25	2
39.0	-3.0	88.0	1	7	13
39.5	-3.0	41.0	1	7	9
40.0	-11.0	238.0	2	7	13	11	5
28.0	-2.0	66.0	1	14	4
24.0	-18.0	44.0	3	4	14	12	7	15	6
24.0	-19.0	42.0	1	8	7