# x   |  y    | demand	| numItems | l - w (for each item)
30.0	40.0	0.0	0
37.0	52.0	7.0	2	11	9	15	5
49.0	49.0	30.0	1	7	16
52.0	64.0	16.0	2	17	5	10	4
20.0	26.0	9.0	1	19	6
40.0	30.0	21.0	2	20	6	24	2
21.0	47.0	15.0	2	7	11	16	9
17.0	63.0	19.0	2	15	9	34	3
31.0	62.0	23.0	2	4	17	26	3
52.0	33.0	11.0	2	6	12	30	4
51.0	21.0	5.0	2	5	9	14	6
42.0	41.0	19.0	2	5	16	29	4
31.0	32.0	29.0	1	7	17
5.0	25.0	23.0	1	30	2
12.0	42.0	21.0	2	15	9	25	4
36.0	16.0	10.0	1	9	10
52.0	41.0	15.0	1	16	9
27.0	23.0	3.0	1	4	18
17.0	33.0	41.0	2	12	8	33	4
13.0	13.0	9.0	2	13	5	29	3
57.0	58.0	28.0	2	32	3	16	3
62.0	42.0	8.0	1	18	9
42.0	57.0	8.0	1	20	7
16.0	57.0	16.0	1	4	12
8.0	52.0	10.0	2	11	8	10	4
7.0	38.0	28.0	2	23	3	23	2
27.0	68.0	7.0	2	6	14	6	8
30.0	48.0	15.0	1	5	14
43.0	67.0	14.0	2	7	9	10	6
58.0	48.0	6.0	2	5	10	31	3
58.0	27.0	19.0	2	7	12	9	7
37.0	69.0	11.0	2	32	3	17	2
38.0	46.0	12.0	1	34	3
46.0	10.0	23.0	1	6	17
61.0	33.0	26.0	2	7	16	11	7
62.0	63.0	17.0	2	7	17	5	15
63.0	69.0	6.0	1	17	10
32.0	22.0	9.0	2	33	2	31	2
45.0	35.0	15.0	2	5	12	25	3
59.0	15.0	14.0	2	14	7	15	5
5.0	6.0	7.0	2	26	4	23	2
10.0	17.0	27.0	2	7	15	5	13
21.0	10.0	13.0	2	5	14	21	3
5.0	64.0	11.0	1	12	6
30.0	15.0	16.0	2	5	11	14	7
39.0	10.0	10.0	1	6	8
32.0	39.0	5.0	2	6	12	13	4
25.0	32.0	25.0	1	12	5
25.0	55.0	17.0	1	5	11
48.0	28.0	18.0	2	5	10	5	8
56.0	37.0	10.0	2	17	5	27	3