# x   |  y    | demand	| numItems | l - w (for each item)
30.0	40.0	0.0	0
37.0	52.0	7.0	2	5	10	8	4
49.0	49.0	30.0	1	10	5
52.0	64.0	16.0	2	11	3	6	3
20.0	26.0	9.0	3	11	5	12	3	6	3
40.0	30.0	21.0	3	9	4	8	3	21	2
21.0	47.0	15.0	3	7	6	8	3	5	2
17.0	63.0	19.0	5	11	5	5	5	9	4	12	3	9	2
31.0	62.0	23.0	1	6	9
52.0	33.0	11.0	5	7	6	8	5	20	4	9	4	23	3
51.0	21.0	5.0	1	22	2
42.0	41.0	19.0	4	11	3	11	3	9	3	4	3
31.0	32.0	29.0	4	6	5	16	4	23	3	8	3
5.0	25.0	23.0	4	6	9	6	5	23	3	5	2
12.0	42.0	21.0	3	6	5	9	3	4	2
36.0	16.0	10.0	2	7	5	19	3
52.0	41.0	15.0	5	6	9	9	4	7	3	10	2	6	2
27.0	23.0	3.0	4	5	5	11	4	22	3	12	3
17.0	33.0	41.0	1	7	7
13.0	13.0	9.0	4	10	6	10	6	6	4	15	3
57.0	58.0	28.0	2	10	4	20	2
62.0	42.0	8.0	4	6	9	12	4	24	3	10	3
42.0	57.0	8.0	3	12	4	7	3	7	2
16.0	57.0	16.0	3	5	10	4	7	5	4
8.0	52.0	10.0	3	10	5	8	2	7	2
7.0	38.0	28.0	3	6	9	5	4	5	2
27.0	68.0	7.0	4	5	5	14	4	9	4	12	3
30.0	48.0	15.0	5	6	11	7	5	6	5	8	4	6	4
43.0	67.0	14.0	1	7	6
58.0	48.0	6.0	4	8	11	5	8	5	5	6	3
58.0	27.0	19.0	2	4	5	7	2
37.0	69.0	11.0	5	10	4	5	4	16	3	15	3	19	2
38.0	46.0	12.0	3	7	9	11	4	6	2
46.0	10.0	23.0	4	5	5	18	4	9	4	6	4
61.0	33.0	26.0	3	7	11	6	6	19	3
62.0	63.0	17.0	4	7	9	5	6	10	2	7	2
63.0	69.0	6.0	5	9	5	22	3	11	3	7	3	11	2
32.0	22.0	9.0	3	8	12	11	3	6	2
45.0	35.0	15.0	3	5	11	6	5	13	3
59.0	15.0	14.0	4	10	6	11	4	10	4	23	3
5.0	6.0	7.0	3	4	5	12	4	9	2
10.0	17.0	27.0	3	6	5	5	4	18	2
21.0	10.0	13.0	4	4	10	11	4	4	3	7	2
5.0	64.0	11.0	4	5	11	5	4	5	3	12	2
30.0	15.0	16.0	2	24	4	8	4
39.0	10.0	10.0	1	4	12
32.0	39.0	5.0	3	17	4	10	2	4	2
25.0	32.0	25.0	1	5	2
25.0	55.0	17.0	3	7	5	20	4	8	3
48.0	28.0	18.0	5	7	6	7	4	7	3	7	3	5	2
56.0	37.0	10.0	3	5	5	10	3	6	3