# x   |  y    | demand	| numItems | l - w (for each item)
0.0	0.0	0.0	0
-12.0	-6.0	7063.0	2	10	7	5	5
-15.0	-5.0	51.0	3	6	7	15	4	13	3
-1.0	-18.0	23.0	4	6	13	7	6	21	4	14	4
2.0	-21.0	3074.0	3	5	12	7	8	15	4
-1.0	-17.0	349.0	4	7	11	7	5	26	3	13	3
-9.0	-12.0	1047.0	1	14	7
2.0	-22.0	698.0	1	6	9
1.0	-21.0	3001.0	2	13	6	11	3
7.0	-25.0	31.0	2	29	4	22	2
-7.0	-17.0	1135.0	2	5	5	14	2
-11.0	-5.0	21611.0	1	9	4
-14.0	-9.0	57.0	2	7	13	32	3
-14.0	-8.0	51.0	2	6	4	32	3
-11.0	-2.0	551.0	1	5	8
-14.0	-5.0	179.0	3	30	4	8	4	23	2
-15.0	-9.0	6.0	3	8	5	4	5	14	3
-15.0	-8.0	528.0	4	5	7	14	3	14	3	21	2
-9.0	-6.0	2832.0	3	6	14	8	9	5	8
-14.0	-4.0	1514.0	3	5	11	11	6	12	4
3.0	6.0	889.0	3	5	7	12	5	15	4
5.0	9.0	2554.0	2	4	10	14	4
5.0	10.0	1215.0	2	10	5	9	4
2.0	8.0	1810.0	3	6	10	14	4	9	4
1.0	9.0	3050.0	1	29	4
1.0	10.0	4.0	1	8	5
2.0	9.0	1563.0	3	7	14	5	13	20	4
6.0	14.0	741.0	3	6	7	29	3	28	2
5.0	12.0	1532.0	1	11	3
3.0	7.0	709.0	3	6	11	7	10	10	3
4.0	8.0	1022.0	4	8	6	5	6	16	5	17	3
-6.0	1.0	883.0	4	7	5	22	4	21	3	6	3
-6.0	2.0	1689.0	3	7	9	28	4	15	2
-8.0	-2.0	10235.0	1	11	6
-7.0	2.0	29.0	1	7	9
-7.0	-3.0	2894.0	2	4	8	4	2
-7.0	-2.0	450.0	4	5	13	8	8	5	6	15	5
-20.0	12.0	411.0	2	15	6	23	3
-20.0	13.0	207.0	1	13	8
-12.0	10.0	496.0	4	24	4	5	4	16	3	7	2
-20.0	15.0	1021.0	1	29	3
-6.0	8.0	117.0	3	32	3	24	3	18	3
2.0	21.0	46.0	4	8	12	18	4	21	3	12	3
2.0	22.0	8.0	3	15	8	12	5	23	3
1.0	21.0	18.0	4	5	9	7	7	6	7	12	5
-1.0	24.0	561.0	2	14	4	16	2
1.0	22.0	1877.0	1	6	9
-2.0	20.0	3542.0	3	13	4	23	3	7	3
-2.0	21.0	801.0	4	5	7	14	6	27	4	13	4
-4.0	18.0	967.0	1	7	12
-4.0	19.0	62.0	4	14	5	23	3	31	2	13	2
-5.0	18.0	1366.0	4	5	12	5	9	5	6	28	3
-5.0	26.0	230.0	1	5	6
1.0	23.0	4.0	2	30	3	9	3
-6.0	5.0	12.0	4	6	10	6	8	30	2	29	2
-6.0	6.0	145.0	3	5	5	18	4	23	2
-9.0	6.0	7149.0	4	4	9	12	8	20	3	17	3
-9.0	7.0	2250.0	2	6	8	18	3
-12.0	5.0	383.0	4	6	8	31	3	10	3	9	2
-12.0	6.0	134.0	1	27	3
-11.0	3.0	1947.0	4	5	8	5	5	5	5	8	4
-11.0	4.0	182.0	4	8	10	13	7	26	3	31	2
-14.0	4.0	3934.0	1	13	6
-14.0	5.0	468.0	2	31	2	19	2
-15.0	4.0	18.0	1	16	8
-15.0	5.0	133.0	3	9	6	22	4	14	4
-16.0	7.0	2340.0	1	13	4
-16.0	8.0	754.0	3	5	10	7	7	32	4
-15.0	10.0	1264.0	3	10	7	9	6	14	3
-20.0	10.0	806.0	4	6	8	9	7	8	6	6	6
-5.0	19.0	3665.0	2	7	8	29	4
-9.0	-11.0	2452.0	1	8	7