# x   |  y    | demand	| numItems | l - w (for each item)
0.0	0.0	0.0	0
-12.0	-6.0	7063.0	2	16	8	15	8
-15.0	-5.0	51.0	1	6	10
-1.0	-18.0	23.0	1	6	17
2.0	-21.0	3074.0	2	10	9	18	3
-1.0	-17.0	349.0	2	6	18	27	4
-9.0	-12.0	1047.0	2	7	16	16	10
2.0	-22.0	698.0	2	17	5	34	3
1.0	-21.0	3001.0	2	8	13	10	8
7.0	-25.0	31.0	1	32	3
-7.0	-17.0	1135.0	1	9	9
-11.0	-5.0	21611.0	2	8	13	36	4
-14.0	-9.0	57.0	1	6	12
-14.0	-8.0	51.0	1	5	11
-11.0	-2.0	551.0	2	14	9	30	2
-14.0	-5.0	179.0	1	10	7
-15.0	-9.0	6.0	2	7	14	24	2
-15.0	-8.0	528.0	1	16	4
-9.0	-6.0	2832.0	2	7	12	6	11
-14.0	-4.0	1514.0	1	24	3
3.0	6.0	889.0	2	18	7	10	5
5.0	9.0	2554.0	1	17	10
5.0	10.0	1215.0	2	7	10	29	2
2.0	8.0	1810.0	2	4	15	10	7
1.0	9.0	3050.0	2	14	9	18	5
1.0	10.0	4.0	2	11	7	18	5
2.0	9.0	1563.0	1	14	10
6.0	14.0	741.0	2	7	12	18	4
5.0	12.0	1532.0	1	34	2
3.0	7.0	709.0	1	6	15
4.0	8.0	1022.0	2	20	8	15	5
-6.0	1.0	883.0	2	15	9	34	3
-6.0	2.0	1689.0	1	20	3
-8.0	-2.0	10235.0	2	7	16	7	13
-7.0	2.0	29.0	2	5	13	15	7
-7.0	-3.0	2894.0	1	14	6
-7.0	-2.0	450.0	1	12	6
-20.0	12.0	411.0	1	15	10
-20.0	13.0	207.0	1	32	4
-12.0	10.0	496.0	2	5	15	9	6
-20.0	15.0	1021.0	2	16	6	22	3
-6.0	8.0	117.0	1	6	9
2.0	21.0	46.0	1	29	3
2.0	22.0	8.0	1	28	3
1.0	21.0	18.0	1	33	2
-1.0	24.0	561.0	1	8	17
1.0	22.0	1877.0	2	9	7	26	4
-2.0	20.0	3542.0	2	29	3	25	3
-2.0	21.0	801.0	1	4	12
-4.0	18.0	967.0	1	7	17
-4.0	19.0	62.0	1	5	11
-5.0	18.0	1366.0	1	18	3
-5.0	26.0	230.0	1	10	10
1.0	23.0	4.0	1	7	15
-6.0	5.0	12.0	1	16	8
-6.0	6.0	145.0	1	7	9
-9.0	6.0	7149.0	2	23	4	20	3
-9.0	7.0	2250.0	1	11	6
-12.0	5.0	383.0	1	14	10
-12.0	6.0	134.0	1	13	9
-11.0	3.0	1947.0	1	9	5
-11.0	4.0	182.0	2	14	10	35	4
-14.0	4.0	3934.0	2	4	14	13	5
-14.0	5.0	468.0	2	14	9	16	8
-15.0	4.0	18.0	2	12	9	25	3
-15.0	5.0	133.0	1	12	6
-16.0	7.0	2340.0	2	5	15	5	9
-16.0	8.0	754.0	2	7	14	23	3
-15.0	10.0	1264.0	1	7	12
-20.0	10.0	806.0	2	7	16	18	8
-5.0	19.0	3665.0	1	8	8
-9.0	-11.0	2452.0	2	8	6	25	4