# x   |  y    | demand	| numItems | l - w (for each item)
40.0	40.0	0.0	0
22.0	22.0	18.0	1	5	11
36.0	26.0	26.0	1	7	11
21.0	45.0	11.0	2	6	17	25	3
45.0	35.0	30.0	2	7	16	26	3
55.0	20.0	21.0	2	7	15	19	9
33.0	34.0	19.0	1	7	17
50.0	50.0	15.0	2	7	18	19	3
55.0	45.0	16.0	2	7	17	27	2
26.0	59.0	29.0	2	34	3	32	3
40.0	66.0	26.0	1	8	9
55.0	65.0	37.0	1	20	5
35.0	51.0	16.0	1	16	9
62.0	35.0	12.0	1	4	10
62.0	57.0	31.0	1	5	16
62.0	24.0	8.0	2	17	5	31	3
21.0	36.0	19.0	1	30	2
33.0	44.0	20.0	2	32	3	31	3
9.0	56.0	13.0	2	17	7	24	2
62.0	48.0	15.0	1	6	11
66.0	14.0	22.0	2	6	11	4	9
44.0	13.0	28.0	2	8	15	32	2
26.0	13.0	12.0	2	6	18	7	9
11.0	28.0	6.0	1	6	13
7.0	43.0	27.0	2	7	17	15	6
17.0	64.0	14.0	2	13	9	15	5
41.0	46.0	18.0	1	5	14
55.0	34.0	17.0	2	18	9	28	3
35.0	16.0	29.0	2	4	11	16	2
52.0	26.0	13.0	2	13	9	14	8
43.0	26.0	22.0	1	12	10
31.0	76.0	25.0	2	4	12	17	4
22.0	53.0	28.0	1	30	4
26.0	29.0	27.0	1	31	3
50.0	40.0	19.0	2	7	14	6	14
55.0	50.0	10.0	2	17	10	16	8
54.0	10.0	12.0	2	6	12	4	10
60.0	15.0	14.0	2	5	11	16	4
47.0	66.0	24.0	2	5	12	6	10
30.0	60.0	16.0	1	16	4
30.0	50.0	33.0	2	5	15	16	5
12.0	17.0	15.0	1	4	9
15.0	14.0	11.0	2	5	8	18	7
16.0	19.0	18.0	1	33	3
21.0	48.0	17.0	1	12	6
50.0	30.0	21.0	1	36	3
51.0	42.0	27.0	2	6	16	27	3
50.0	15.0	19.0	1	9	7
48.0	21.0	20.0	1	34	2
12.0	38.0	5.0	1	26	2
15.0	56.0	22.0	2	17	6	34	4
29.0	39.0	12.0	1	34	4
54.0	38.0	19.0	1	22	3
55.0	57.0	22.0	2	7	16	6	9
67.0	41.0	16.0	1	11	7
10.0	70.0	7.0	1	5	9
6.0	25.0	26.0	2	22	4	11	4
65.0	27.0	14.0	1	29	2
40.0	60.0	21.0	1	7	18
70.0	64.0	24.0	1	16	4
64.0	4.0	13.0	1	4	16
36.0	6.0	15.0	2	8	8	21	2
30.0	20.0	18.0	1	10	10
20.0	30.0	11.0	1	5	13
15.0	5.0	28.0	2	6	16	36	4
50.0	70.0	9.0	1	6	18
57.0	72.0	37.0	1	6	13
45.0	42.0	30.0	2	7	13	20	8
38.0	33.0	10.0	2	6	16	8	11
50.0	4.0	8.0	1	26	3
66.0	8.0	11.0	2	7	12	18	8
59.0	5.0	3.0	1	13	6
35.0	60.0	1.0	2	16	7	34	3
27.0	24.0	6.0	2	16	10	12	5
40.0	20.0	10.0	1	27	4
40.0	37.0	20.0	2	4	16	32	3