# x   |  y    | demand	| numItems | l - w (for each item)
40.0	40.0	0.0	0
22.0	22.0	18.0	3	7	11	10	4	16	3
36.0	26.0	26.0	3	14	8	11	4	31	3
21.0	45.0	11.0	3	6	13	9	7	17	3
45.0	35.0	30.0	2	15	7	10	7
55.0	20.0	21.0	2	14	8	14	7
33.0	34.0	19.0	2	11	5	10	5
50.0	50.0	15.0	1	6	11
55.0	45.0	16.0	1	26	2
26.0	59.0	29.0	3	12	8	15	5	12	4
40.0	66.0	26.0	2	13	6	14	5
55.0	65.0	37.0	2	7	11	15	6
35.0	51.0	16.0	2	7	6	14	4
62.0	35.0	12.0	1	19	3
62.0	57.0	31.0	1	19	3
62.0	24.0	8.0	1	24	3
21.0	36.0	19.0	1	6	12
33.0	44.0	20.0	1	10	5
9.0	56.0	13.0	2	17	4	21	3
62.0	48.0	15.0	3	7	15	8	11	9	5
66.0	14.0	22.0	3	6	15	16	6	15	5
44.0	13.0	28.0	1	14	7
26.0	13.0	12.0	3	6	12	5	10	24	3
11.0	28.0	6.0	3	12	7	15	6	24	2
7.0	43.0	27.0	3	6	13	13	3	19	2
17.0	64.0	14.0	1	15	4
41.0	46.0	18.0	3	9	7	11	5	29	4
55.0	34.0	17.0	3	5	13	20	3	13	2
35.0	16.0	29.0	3	4	15	13	5	30	3
52.0	26.0	13.0	2	11	8	19	2
43.0	26.0	22.0	2	8	14	15	6
31.0	76.0	25.0	3	7	7	11	5	11	4
22.0	53.0	28.0	3	16	4	15	4	9	4
26.0	29.0	27.0	3	5	12	9	6	22	4
50.0	40.0	19.0	2	7	9	8	8
55.0	50.0	10.0	3	7	15	5	12	10	4
54.0	10.0	12.0	3	15	7	19	4	10	4
60.0	15.0	14.0	1	6	12
47.0	66.0	24.0	3	16	6	11	6	22	2
30.0	60.0	16.0	2	4	16	8	9
30.0	50.0	33.0	1	7	10
12.0	17.0	15.0	3	13	4	19	3	30	2
15.0	14.0	11.0	3	14	6	15	5	19	3
16.0	19.0	18.0	3	4	12	12	7	21	3
21.0	48.0	17.0	1	14	5
50.0	30.0	21.0	3	25	4	22	3	24	2
51.0	42.0	27.0	1	12	5
50.0	15.0	19.0	1	12	4
48.0	21.0	20.0	3	5	12	19	3	17	3
12.0	38.0	5.0	1	9	7
15.0	56.0	22.0	1	30	3
29.0	39.0	12.0	2	4	8	28	2
54.0	38.0	19.0	2	9	8	14	7
55.0	57.0	22.0	3	5	13	6	11	29	4
67.0	41.0	16.0	2	6	10	6	10
10.0	70.0	7.0	1	22	3
6.0	25.0	26.0	1	5	11
65.0	27.0	14.0	1	23	4
40.0	60.0	21.0	2	13	6	28	3
70.0	64.0	24.0	2	6	14	19	3
64.0	4.0	13.0	2	6	13	16	6
36.0	6.0	15.0	1	16	3
30.0	20.0	18.0	2	6	12	5	9
20.0	30.0	11.0	2	6	9	11	4
15.0	5.0	28.0	2	4	7	10	6
50.0	70.0	9.0	2	6	9	29	4
57.0	72.0	37.0	3	6	11	8	9	18	3
45.0	42.0	30.0	2	4	13	4	12
38.0	33.0	10.0	1	18	3
50.0	4.0	8.0	2	16	6	10	5
66.0	8.0	11.0	1	16	7
59.0	5.0	3.0	3	5	13	29	4	25	3
35.0	60.0	1.0	2	7	15	7	12
27.0	24.0	6.0	2	14	6	14	4
40.0	20.0	10.0	3	7	10	12	8	22	2
40.0	37.0	20.0	2	4	13	4	7