# x   |  y    | demand	| numItems | l - w (for each item)
40.0	40.0	0.0	0
22.0	22.0	18.0	4	5	8	7	4	20	2	15	2
36.0	26.0	26.0	3	4	11	6	9	9	3
21.0	45.0	11.0	2	7	5	9	2
45.0	35.0	30.0	1	17	4
55.0	20.0	21.0	2	5	4	7	3
33.0	34.0	19.0	3	6	10	9	4	7	2
50.0	50.0	15.0	4	12	6	5	5	5	5	6	3
55.0	45.0	16.0	3	9	4	11	3	8	2
26.0	59.0	29.0	2	6	9	5	8
40.0	66.0	26.0	3	7	11	23	2	8	2
55.0	65.0	37.0	2	4	12	8	8
35.0	51.0	16.0	4	5	10	9	5	22	3	11	3
62.0	35.0	12.0	1	5	11
62.0	57.0	31.0	2	5	7	7	2
62.0	24.0	8.0	2	4	6	4	4
21.0	36.0	19.0	3	7	5	12	4	9	3
33.0	44.0	20.0	5	6	7	10	5	11	4	7	4	14	3
9.0	56.0	13.0	5	8	9	10	6	7	6	8	5	7	3
62.0	48.0	15.0	5	6	10	5	10	4	5	22	3	5	3
66.0	14.0	22.0	1	8	10
44.0	13.0	28.0	2	16	4	11	4
26.0	13.0	12.0	3	6	8	9	3	8	3
11.0	28.0	6.0	5	7	11	5	8	8	5	4	4	6	2
7.0	43.0	27.0	5	6	12	7	5	16	4	8	4	17	2
17.0	64.0	14.0	4	9	5	19	3	11	3	5	3
41.0	46.0	18.0	5	6	12	5	8	11	6	21	4	8	4
55.0	34.0	17.0	2	11	6	7	4
35.0	16.0	29.0	2	5	6	6	5
52.0	26.0	13.0	5	6	10	6	10	21	4	9	4	8	3
43.0	26.0	22.0	4	6	8	6	8	7	4	11	2
31.0	76.0	25.0	4	5	10	5	4	20	3	7	3
22.0	53.0	28.0	2	4	7	7	4
26.0	29.0	27.0	1	9	5
50.0	40.0	19.0	1	22	3
55.0	50.0	10.0	2	12	4	5	4
54.0	10.0	12.0	5	7	8	9	6	5	4	5	3	4	2
60.0	15.0	14.0	3	11	5	7	4	8	2
47.0	66.0	24.0	4	5	6	12	3	11	3	5	3
30.0	60.0	16.0	2	9	3	18	2
30.0	50.0	33.0	1	5	5
12.0	17.0	15.0	2	5	9	10	3
15.0	14.0	11.0	5	6	12	4	7	23	4	6	4	8	3
16.0	19.0	18.0	1	5	4
21.0	48.0	17.0	1	10	4
50.0	30.0	21.0	5	6	12	5	4	10	3	7	3	4	3
51.0	42.0	27.0	5	5	12	6	11	6	10	23	2	22	2
50.0	15.0	19.0	1	24	2
48.0	21.0	20.0	2	5	12	6	3
12.0	38.0	5.0	5	7	6	17	4	8	4	6	3	6	3
15.0	56.0	22.0	3	8	10	6	10	6	6
29.0	39.0	12.0	1	5	4
54.0	38.0	19.0	4	7	8	20	4	4	4	18	3
55.0	57.0	22.0	5	7	9	9	3	5	3	11	2	5	2
67.0	41.0	16.0	5	19	4	8	4	10	3	9	3	5	3
10.0	70.0	7.0	1	8	3
6.0	25.0	26.0	3	4	10	8	4	7	4
65.0	27.0	14.0	2	20	3	5	2
40.0	60.0	21.0	1	4	9
70.0	64.0	24.0	5	6	8	10	5	8	5	22	4	6	4
64.0	4.0	13.0	2	8	4	16	2
36.0	6.0	15.0	5	15	4	7	4	22	3	6	3	5	2
30.0	20.0	18.0	5	5	8	9	6	5	5	20	3	12	3
20.0	30.0	11.0	1	7	2
15.0	5.0	28.0	2	9	6	23	4
50.0	70.0	9.0	1	5	8
57.0	72.0	37.0	2	18	3	10	2
45.0	42.0	30.0	4	4	12	23	4	16	3	7	3
38.0	33.0	10.0	5	4	10	6	6	12	3	11	3	7	3
50.0	4.0	8.0	3	6	12	6	11	9	5
66.0	8.0	11.0	3	8	9	4	9	16	4
59.0	5.0	3.0	3	12	5	5	5	10	4
35.0	60.0	1.0	4	4	9	4	9	15	3	5	3
27.0	24.0	6.0	5	6	9	5	6	7	5	5	3	5	3
40.0	20.0	10.0	3	7	10	21	4	16	3
40.0	37.0	20.0	1	16	2