# x   |  y    | demand	| numItems | l - w (for each item)
40.0	40.0	0.0	0
22.0	22.0	18.0	4	7	5	20	3	19	3	5	3
36.0	26.0	26.0	5	5	5	9	4	24	3	21	3	14	3
21.0	45.0	11.0	2	6	4	20	3
45.0	35.0	30.0	2	13	4	20	2
55.0	20.0	21.0	1	8	5
33.0	34.0	19.0	2	7	8	9	2
50.0	50.0	15.0	4	7	8	10	5	6	5	7	4
55.0	45.0	16.0	5	6	6	22	4	11	4	21	3	8	2
26.0	59.0	29.0	1	11	3
40.0	66.0	26.0	5	7	5	19	3	17	3	11	3	14	2
55.0	65.0	37.0	2	11	6	18	3
35.0	51.0	16.0	1	6	4
62.0	35.0	12.0	4	16	4	5	4	11	3	17	2
62.0	57.0	31.0	3	10	5	12	3	10	3
62.0	24.0	8.0	1	4	2
21.0	36.0	19.0	2	19	4	13	4
33.0	44.0	20.0	4	8	10	23	3	15	2	9	2
9.0	56.0	13.0	5	6	11	6	10	10	5	8	5	20	3
62.0	48.0	15.0	4	8	6	21	4	5	4	6	3
66.0	14.0	22.0	1	11	5
44.0	13.0	28.0	1	16	4
26.0	13.0	12.0	3	12	4	7	4	8	3
11.0	28.0	6.0	4	10	4	16	3	8	3	5	3
7.0	43.0	27.0	2	7	11	11	5
17.0	64.0	14.0	2	10	5	6	2
41.0	46.0	18.0	4	11	5	23	4	23	3	14	3
55.0	34.0	17.0	1	6	3
35.0	16.0	29.0	5	22	4	12	3	7	3	6	3	4	3
52.0	26.0	13.0	4	12	5	15	4	9	3	6	3
43.0	26.0	22.0	1	8	10
31.0	76.0	25.0	2	8	10	22	3
22.0	53.0	28.0	2	7	10	5	4
26.0	29.0	27.0	1	22	2
50.0	40.0	19.0	1	14	3
55.0	50.0	10.0	1	5	4
54.0	10.0	12.0	4	4	11	5	6	8	5	15	3
60.0	15.0	14.0	4	10	6	6	6	15	3	7	3
47.0	66.0	24.0	2	8	5	12	4
30.0	60.0	16.0	1	5	7
30.0	50.0	33.0	4	7	10	12	5	4	3	9	2
12.0	17.0	15.0	4	6	11	5	9	19	4	17	3
15.0	14.0	11.0	3	5	4	8	3	4	3
16.0	19.0	18.0	3	6	10	6	10	18	4
21.0	48.0	17.0	1	11	2
50.0	30.0	21.0	5	6	12	4	5	5	4	5	4	11	3
51.0	42.0	27.0	2	9	4	14	2
50.0	15.0	19.0	1	12	2
48.0	21.0	20.0	3	7	5	24	4	6	3
12.0	38.0	5.0	5	5	10	5	6	5	4	13	3	7	3
15.0	56.0	22.0	2	7	6	11	3
29.0	39.0	12.0	3	7	4	19	3	12	3
54.0	38.0	19.0	3	4	10	8	6	6	3
55.0	57.0	22.0	5	11	5	7	4	6	4	7	3	8	2
67.0	41.0	16.0	1	12	3
10.0	70.0	7.0	5	7	6	19	3	14	3	6	3	22	2
6.0	25.0	26.0	3	8	8	10	6	12	3
65.0	27.0	14.0	5	4	12	6	11	6	11	4	10	5	5
40.0	60.0	21.0	2	14	3	10	3
70.0	64.0	24.0	1	4	2
64.0	4.0	13.0	2	5	7	19	4
36.0	6.0	15.0	4	5	12	23	4	11	3	5	2
30.0	20.0	18.0	2	5	4	8	3
20.0	30.0	11.0	5	6	11	10	4	10	4	8	4	10	2
15.0	5.0	28.0	2	7	10	20	4
50.0	70.0	9.0	1	4	3
57.0	72.0	37.0	4	6	9	10	5	21	4	9	4
45.0	42.0	30.0	4	6	10	4	4	12	3	11	3
38.0	33.0	10.0	3	8	6	9	4	5	3
50.0	4.0	8.0	4	4	12	8	4	12	3	6	3
66.0	8.0	11.0	5	10	6	7	5	9	4	10	3	18	2
59.0	5.0	3.0	1	6	4
35.0	60.0	1.0	2	11	4	18	3
27.0	24.0	6.0	5	5	7	9	6	4	4	21	2	5	2
40.0	20.0	10.0	3	6	4	15	3	20	2
40.0	37.0	20.0	4	5	5	5	4	11	3	12	2