# x   |  y    | demand	| numItems | l - w (for each item)
40.0	40.0	0.0	0
22.0	22.0	18.0	2	8	9	15	2
36.0	26.0	26.0	1	5	3
21.0	45.0	11.0	3	6	6	22	3	13	2
45.0	35.0	30.0	1	26	3
55.0	20.0	21.0	3	5	10	12	6	22	3
33.0	34.0	19.0	2	16	7	26	2
50.0	50.0	15.0	4	13	8	6	7	14	5	14	3
55.0	45.0	16.0	3	5	11	21	2	16	2
26.0	59.0	29.0	3	10	5	5	5	11	4
40.0	66.0	26.0	2	7	12	13	3
55.0	65.0	37.0	4	5	12	8	9	9	8	5	5
35.0	51.0	16.0	1	20	3
62.0	35.0	12.0	3	12	5	18	3	7	2
62.0	57.0	31.0	2	9	5	8	5
62.0	24.0	8.0	2	4	11	14	2
21.0	36.0	19.0	3	7	10	7	5	21	3
33.0	44.0	20.0	3	5	11	8	9	5	7
9.0	56.0	13.0	3	8	6	7	6	19	2
62.0	48.0	15.0	2	16	7	10	4
66.0	14.0	22.0	1	15	2
44.0	13.0	28.0	3	5	10	5	6	28	4
26.0	13.0	12.0	2	29	3	23	3
11.0	28.0	6.0	4	6	10	6	9	22	3	22	2
7.0	43.0	27.0	3	5	13	6	8	11	6
17.0	64.0	14.0	1	5	7
41.0	46.0	18.0	3	6	14	13	6	32	4
55.0	34.0	17.0	2	7	14	6	6
35.0	16.0	29.0	2	5	9	23	4
52.0	26.0	13.0	2	14	7	11	2
43.0	26.0	22.0	3	12	7	14	3	13	3
31.0	76.0	25.0	3	6	7	16	4	20	3
22.0	53.0	28.0	2	6	12	22	2
26.0	29.0	27.0	3	5	9	6	4	22	3
50.0	40.0	19.0	1	5	6
55.0	50.0	10.0	4	16	5	28	4	21	3	22	2
54.0	10.0	12.0	3	8	8	14	4	12	3
60.0	15.0	14.0	4	6	13	5	12	13	4	8	4
47.0	66.0	24.0	1	6	14
30.0	60.0	16.0	2	30	3	16	2
30.0	50.0	33.0	2	13	7	16	3
12.0	17.0	15.0	3	6	8	12	7	22	4
15.0	14.0	11.0	2	7	9	5	8
16.0	19.0	18.0	2	4	10	7	2
21.0	48.0	17.0	1	4	5
50.0	30.0	21.0	2	7	6	5	4
51.0	42.0	27.0	2	8	12	15	4
50.0	15.0	19.0	4	8	14	14	8	11	7	25	4
48.0	21.0	20.0	2	5	9	12	3
12.0	38.0	5.0	2	5	11	14	4
15.0	56.0	22.0	3	8	13	8	8	11	4
29.0	39.0	12.0	3	5	9	6	4	23	3
54.0	38.0	19.0	4	6	7	9	6	14	3	13	3
55.0	57.0	22.0	2	8	10	11	4
67.0	41.0	16.0	3	12	5	17	3	26	2
10.0	70.0	7.0	1	11	7
6.0	25.0	26.0	1	13	6
65.0	27.0	14.0	2	4	12	7	7
40.0	60.0	21.0	2	4	9	32	3
70.0	64.0	24.0	1	6	5
64.0	4.0	13.0	1	26	4
36.0	6.0	15.0	2	13	6	20	3
30.0	20.0	18.0	3	6	6	24	4	16	2
20.0	30.0	11.0	2	18	4	12	2
15.0	5.0	28.0	2	5	13	15	8
50.0	70.0	9.0	3	5	9	10	8	27	3
57.0	72.0	37.0	3	5	6	7	4	28	3
45.0	42.0	30.0	3	29	3	22	2	19	2
38.0	33.0	10.0	2	11	4	28	3
50.0	4.0	8.0	4	7	13	7	12	30	4	6	4
66.0	8.0	11.0	4	31	4	25	4	23	3	23	2
59.0	5.0	3.0	3	8	13	20	3	19	3
35.0	60.0	1.0	1	23	4
27.0	24.0	6.0	1	6	5
40.0	20.0	10.0	3	6	9	8	7	30	3
40.0	37.0	20.0	2	4	6	31	2