#	x	|	y	|	demand	|	numItems	|	l	-	w	(for	each	item)								
40.0	40.0	0.0	0
22.0	22.0	18.0	2	7	4	8	3
36.0	26.0	26.0	4	8	8	4	6	4	5	18	4
21.0	45.0	11.0	4	7	11	7	9	9	3	5	3
45.0	35.0	30.0	1	6	11
55.0	20.0	21.0	3	16	4	8	4	6	3
33.0	34.0	19.0	2	8	3	5	2
50.0	50.0	15.0	1	13	2
55.0	45.0	16.0	4	8	12	9	4	8	2	8	2
26.0	59.0	29.0	2	8	7	9	3
40.0	66.0	26.0	1	4	12
55.0	65.0	37.0	5	7	8	11	5	14	3	5	3	21	2
35.0	51.0	16.0	4	4	10	5	8	19	4	17	3
62.0	35.0	12.0	2	5	4	16	3
62.0	57.0	31.0	1	5	3
62.0	24.0	8.0	4	17	4	11	4	8	3	8	3
21.0	36.0	19.0	4	5	4	5	4	17	3	19	2
33.0	44.0	20.0	4	7	12	5	4	17	3	20	2
9.0	56.0	13.0	1	7	5
62.0	48.0	15.0	1	4	5
66.0	14.0	22.0	3	8	8	10	4	7	4
44.0	13.0	28.0	2	22	3	13	2
26.0	13.0	12.0	3	9	4	7	4	9	3
11.0	28.0	6.0	1	8	7
7.0	43.0	27.0	3	7	8	21	4	8	2
17.0	64.0	14.0	2	9	6	6	4						
41.0	46.0	18.0	1	17	2								
55.0	34.0	17.0	3	6	6	18	4	17	3				
35.0	16.0	29.0	2	7	12	6	4						
52.0	26.0	13.0	1	6	4								
43.0	26.0	22.0	5	5	11	7	9	7	3	6	3	13	2
31.0	76.0	25.0	4	5	11	18	3	14	3	13	3		
22.0	53.0	28.0	1	7	2								
26.0	29.0	27.0	3	9	4	24	3	21	2				
50.0	40.0	19.0	5	17	4	9	4	7	4	4	3	21	2
55.0	50.0	10.0	4	6	11	5	4	19	3	5	2		
54.0	10.0	12.0	1	7	12								
60.0	15.0	14.0	4	6	8	6	5	11	4	9	3		
47.0	66.0	24.0	3	6	6	23	2	13	2				
30.0	60.0	16.0	3	23	4	11	3	8	3				
30.0	50.0	33.0	1	22	3								
12.0	17.0	15.0	5	6	9	11	5	6	5	22	3	10	2
15.0	14.0	11.0	2	8	7	6	7						
16.0	19.0	18.0	5	24	4	11	4	8	4	7	4	13	3
21.0	48.0	17.0	4	7	9	5	4	21	3	14	3		
50.0	30.0	21.0	2	11	4	7	2						
51.0	42.0	27.0	1	5	6								
50.0	15.0	19.0	2	6	7	8	3						
48.0	21.0	20.0	4	7	8	7	6	6	5	5	2		
12.0	38.0	5.0	4	19	4	12	3	5	3	16	2		
15.0	56.0	22.0	1	5	11								
29.0	39.0	12.0	3	7	11	6	6	17	4				
54.0	38.0	19.0	2	5	4	19	3						
55.0	57.0	22.0	3	5	6	10	4	8	4				
67.0	41.0	16.0	1	6	7								
10.0	70.0	7.0	1	14	3								
6.0	25.0	26.0	1	17	4								
65.0	27.0	14.0	1	7	8								
40.0	60.0	21.0	5	4	9	11	4	11	3	6	3	5	3
70.0	64.0	24.0	3	22	4	12	3	5	2				
64.0	4.0	13.0	3	5	5	7	4	23	3				
36.0	6.0	15.0	3	5	9	5	4	7	2				
30.0	20.0	18.0	4	4	8	16	3	14	3	11	3		
20.0	30.0	11.0	1	22	3
15.0	5.0	28.0	1	9	2
50.0	70.0	9.0	1	7	10
57.0	72.0	37.0	4	5	10	4	8	23	3	12	3
45.0	42.0	30.0	5	5	9	8	7	11	6	6	5	8	3
38.0	33.0	10.0	4	4	8	8	5	6	5	8	2
50.0	4.0	8.0	4	8	6	19	4	20	3	15	2
66.0	8.0	11.0	4	5	6	10	5	4	5	9	4
59.0	5.0	3.0	3	4	6	4	3	4	3
35.0	60.0	1.0	1	8	6				
27.0	24.0	6.0	3	4	11	10	4	8	4
40.0	20.0	10.0	1	4	7
40.0	37.0	20.0	5	8	5	10	4	6	4	11	3	12	2