# x   |  y    | demand	| numItems | l - w (for each item)
40.0	40.0	0.0	0
22.0	22.0	18.0	3	19	3	8	3	7	2
36.0	26.0	26.0	3	6	4	13	3	17	2
21.0	45.0	11.0	2	5	6	13	2
45.0	35.0	30.0	2	7	4	4	2
55.0	20.0	21.0	2	8	4	6	4
33.0	34.0	19.0	3	22	3	9	2	6	2
50.0	50.0	15.0	2	14	3	6	3
55.0	45.0	16.0	5	7	7	23	3	17	3	8	2	6	2
26.0	59.0	29.0	4	11	6	5	6	4	4	22	2
40.0	66.0	26.0	2	5	11	22	3
55.0	65.0	37.0	4	8	6	6	5	7	4	11	3
35.0	51.0	16.0	4	11	6	9	4	12	3	11	2
62.0	35.0	12.0	2	10	4	5	3
62.0	57.0	31.0	4	8	12	7	6	10	3	5	3
62.0	24.0	8.0	5	7	7	6	6	10	5	12	4	18	3
21.0	36.0	19.0	2	8	4	5	4
33.0	44.0	20.0	1	4	4
9.0	56.0	13.0	3	8	10	7	8	21	4
62.0	48.0	15.0	2	6	5	12	3
66.0	14.0	22.0	5	7	10	4	10	7	6	12	5	8	3
44.0	13.0	28.0	5	21	4	17	4	5	4	16	3	6	2
26.0	13.0	12.0	2	10	3	4	2
11.0	28.0	6.0	2	7	3	21	2
7.0	43.0	27.0	5	6	6	11	4	8	4	5	4	20	3
17.0	64.0	14.0	1	9	3
41.0	46.0	18.0	2	9	6	9	3
55.0	34.0	17.0	2	8	9	7	4
35.0	16.0	29.0	4	7	5	24	3	20	3	17	3
52.0	26.0	13.0	5	7	8	6	7	9	4	22	3	7	3
43.0	26.0	22.0	3	5	11	17	2	11	2
31.0	76.0	25.0	3	22	4	6	4	16	2
22.0	53.0	28.0	5	6	8	14	4	10	4	11	3	5	3
26.0	29.0	27.0	2	4	10	5	8
50.0	40.0	19.0	4	7	11	5	4	6	3	6	3
55.0	50.0	10.0	2	11	5	5	4
54.0	10.0	12.0	2	11	3	4	3
60.0	15.0	14.0	5	6	9	5	9	6	6	10	5	6	4
47.0	66.0	24.0	1	8	4
30.0	60.0	16.0	3	8	4	11	3	18	2
30.0	50.0	33.0	5	6	9	5	6	9	5	6	5	22	4
12.0	17.0	15.0	2	6	9	12	3
15.0	14.0	11.0	3	8	8	19	3	17	3
16.0	19.0	18.0	4	4	10	5	8	13	3	9	3
21.0	48.0	17.0	5	7	10	6	7	9	4	18	2	8	2
50.0	30.0	21.0	5	6	7	6	7	6	4	18	2	14	2
51.0	42.0	27.0	4	7	5	6	5	6	4	8	2
50.0	15.0	19.0	3	5	8	7	5	11	3
48.0	21.0	20.0	4	5	9	7	8	16	3	6	2
12.0	38.0	5.0	4	5	6	5	4	5	4	4	3
15.0	56.0	22.0	1	8	6
29.0	39.0	12.0	1	19	3
54.0	38.0	19.0	2	5	5	12	2
55.0	57.0	22.0	4	6	6	4	6	5	5	12	4
67.0	41.0	16.0	5	9	5	10	4	6	4	16	3	9	3
10.0	70.0	7.0	4	4	9	12	5	17	3	6	3
6.0	25.0	26.0	3	6	12	5	5	23	2
65.0	27.0	14.0	1	5	4
40.0	60.0	21.0	3	5	4	13	3	6	2
70.0	64.0	24.0	5	4	7	5	5	21	4	5	4	9	3
64.0	4.0	13.0	5	8	5	13	4	5	4	5	4	9	3
36.0	6.0	15.0	3	7	9	14	3	14	2
30.0	20.0	18.0	2	6	7	7	6
20.0	30.0	11.0	3	4	4	20	3	7	3
15.0	5.0	28.0	4	7	5	8	4	11	3	18	2
50.0	70.0	9.0	1	8	11
57.0	72.0	37.0	1	4	6
45.0	42.0	30.0	5	6	11	24	4	6	4	15	3	5	3
38.0	33.0	10.0	3	6	8	8	3	16	2
50.0	4.0	8.0	4	4	11	7	9	6	8	9	2
66.0	8.0	11.0	1	4	3
59.0	5.0	3.0	5	6	7	7	6	20	4	7	3	4	3
35.0	60.0	1.0	2	6	6	6	4
27.0	24.0	6.0	5	8	4	13	3	10	3	6	3	8	2
40.0	20.0	10.0	2	6	8	4	4
40.0	37.0	20.0	4	6	9	10	5	10	4	5	2