# x   |  y    | demand	| numItems | h - w (for each item)
40.0    40.0     0.0	0
22.0    22.0    18.0	1	30	3
36.0    26.0    26.0	1	26	3
21.0    45.0    11.0	2	8	14	6	9
45.0    35.0    30.0	1	9	8
55.0    20.0    21.0	2	15	6	13	6
33.0    34.0    19.0	1	14	7
50.0    50.0    15.0	2	4	12	14	8
55.0    45.0    16.0	2	5	15	18	4
26.0    59.0    29.0	2	5	11	21	3
40.0    66.0    26.0	2	5	13	18	4
55.0    65.0    37.0	1	18	2
35.0    51.0    16.0	2	9	5	11	4
62.0    35.0    12.0	2	5	13	6	10
62.0    57.0    31.0	2	5	18	7	11
62.0    24.0     8.0	2	7	18	8	13
21.0    36.0    19.0	2	9	7	10	6
33.0    44.0    20.0	2	6	18	30	3
9.0     56.0    13.0	2	7	16	12	5
62.0    48.0    15.0	1	4	10
66.0    14.0    22.0	2	17	8	21	3
44.0    13.0    28.0	2	13	8	27	3
26.0    13.0    12.0	2	10	7	32	2
11.0    28.0     6.0	1	23	3
7.0     43.0    27.0	1	30	3
17.0    64.0    14.0	1	6	17
41.0    46.0    18.0	2	5	11	5	8
55.0    34.0    17.0	1	14	7
35.0    16.0    29.0	1	6	17
52.0    26.0    13.0	2	12	5	25	3
43.0    26.0    22.0	2	14	6	20	2
31.0    76.0    25.0	1	17	4
22.0    53.0    28.0	1	19	4
26.0    29.0    27.0	2	7	13	14	5
50.0    40.0    19.0	1	8	6
55.0    50.0    10.0	2	33	4	17	3
54.0    10.0    12.0	2	6	15	20	10
60.0    15.0    14.0	1	15	8
47.0    66.0    24.0	1	6	18
30.0    60.0    16.0	2	19	9	9	6
30.0    50.0    33.0	1	8	17
12.0    17.0    15.0	1	14	7
15.0    14.0    11.0	1	4	12
16.0    19.0    18.0	1	9	7
21.0    48.0    17.0	2	15	9	31	4
50.0    30.0    21.0	2	6	12	5	10
51.0    42.0    27.0	1	19	10
50.0    15.0    19.0	1	17	7
48.0    21.0    20.0	1	14	8
12.0    38.0     5.0	2	7	10	26	3
15.0    56.0    22.0	2	6	10	21	4
29.0    39.0    12.0	2	5	18	6	11
54.0    38.0    19.0	1	21	3
55.0    57.0    22.0	1	6	11
67.0    41.0    16.0	2	5	17	33	2
10.0    70.0     7.0	2	7	12	20	5
6.0     25.0    26.0	1	9	7
65.0    27.0    14.0	2	7	14	16	8
40.0    60.0    21.0	1	17	8
70.0    64.0    24.0	1	24	3
64.0     4.0    13.0	2	4	15	25	3
36.0     6.0    15.0	2	5	12	11	8
30.0    20.0    18.0	2	5	17	17	4
20.0    30.0    11.0	1	8	7
15.0     5.0    28.0	1	20	3
50.0    70.0     9.0	1	7	16
57.0    72.0    37.0	1	4	13
45.0    42.0    30.0	2	7	10	27	4
38.0    33.0    10.0	1	26	4
50.0     4.0     8.0	2	8	9	36	2
66.0     8.0    11.0	2	6	8	14	5
59.0     5.0     3.0	2	6	17	12	6
35.0    60.0     1.0	1	7	10
27.0    24.0     6.0	1	5	11
40.0    20.0    10.0	2	18	4	18	2
40.0    37.0    20.0	1	8	18