# x   |  y    | demand	| numItems | l - w (for each item)
35.0	35.0	0.0	0
41.0	49.0	10.0	3	11	7	9	5	18	4
35.0	17.0	7.0	3	14	8	19	4	16	3
55.0	45.0	13.0	1	9	4
55.0	20.0	19.0	3	7	9	10	6	16	5
15.0	30.0	26.0	1	14	3
25.0	30.0	3.0	3	5	16	5	11	12	5
20.0	50.0	5.0	2	14	5	16	3
10.0	43.0	9.0	2	4	6	13	3
55.0	60.0	16.0	2	11	8	16	5
30.0	60.0	16.0	1	29	4
20.0	65.0	12.0	2	15	4	28	3
50.0	35.0	19.0	1	25	2
30.0	25.0	23.0	3	5	12	12	7	4	7
15.0	10.0	20.0	2	12	5	10	5
30.0	5.0	8.0	2	8	14	28	3
10.0	20.0	19.0	2	6	11	19	2
5.0	30.0	2.0	1	4	7
20.0	40.0	12.0	2	4	15	10	5
15.0	60.0	17.0	2	12	5	10	4
45.0	65.0	9.0	2	6	11	8	5
45.0	20.0	11.0	2	12	6	5	6
45.0	10.0	18.0	1	6	13
55.0	5.0	29.0	1	13	5
65.0	35.0	3.0	3	24	3	31	2	26	2
65.0	20.0	6.0	2	14	7	9	7
45.0	30.0	17.0	1	10	8
35.0	40.0	16.0	3	5	14	22	4	15	3
41.0	37.0	16.0	2	7	15	21	3
64.0	42.0	9.0	2	13	7	11	6
40.0	60.0	21.0	3	7	12	9	7	27	2
31.0	52.0	27.0	1	6	12
35.0	69.0	23.0	1	5	13
53.0	52.0	11.0	1	4	7
65.0	55.0	14.0	3	6	14	15	8	10	6
63.0	65.0	8.0	3	6	12	10	6	13	3
2.0	60.0	5.0	3	6	11	12	6	23	3
20.0	20.0	8.0	3	7	12	7	11	24	4
5.0	5.0	16.0	3	7	12	6	7	11	5
60.0	12.0	31.0	1	6	6
40.0	25.0	9.0	3	5	15	5	12	24	3
42.0	7.0	5.0	2	6	15	6	9
24.0	12.0	5.0	3	4	10	6	9	7	8
23.0	3.0	7.0	3	4	15	29	4	19	3
11.0	14.0	18.0	3	5	10	4	8	18	4
6.0	38.0	16.0	1	9	8
2.0	48.0	1.0	3	15	6	18	3	22	2
8.0	56.0	27.0	2	15	6	12	6
13.0	52.0	36.0	3	7	9	4	8	24	3
6.0	68.0	30.0	1	6	7
47.0	47.0	13.0	3	5	16	14	8	30	2
49.0	58.0	10.0	2	15	8	9	6
27.0	43.0	9.0	3	15	8	9	7	16	4
37.0	31.0	14.0	3	13	6	21	2	14	2
57.0	29.0	18.0	1	8	10
63.0	23.0	2.0	3	13	5	15	4	20	3
53.0	12.0	6.0	2	6	11	25	4
32.0	12.0	7.0	2	5	12	6	10
36.0	26.0	18.0	2	8	14	12	6
21.0	24.0	28.0	3	12	7	11	4	30	3
17.0	34.0	3.0	1	14	7
12.0	24.0	13.0	1	5	14
24.0	58.0	19.0	2	4	16	9	6
27.0	69.0	10.0	1	16	4
15.0	77.0	9.0	3	4	9	15	6	14	6
62.0	77.0	20.0	2	23	4	19	4
49.0	73.0	25.0	2	7	15	29	3
67.0	5.0	25.0	2	14	5	22	2
56.0	39.0	36.0	3	8	11	12	6	29	3
37.0	47.0	6.0	2	13	6	17	4
37.0	56.0	5.0	2	5	14	9	7
57.0	68.0	15.0	3	6	8	11	4	22	3
47.0	16.0	25.0	1	15	3
44.0	17.0	9.0	2	5	11	9	6
46.0	13.0	8.0	2	5	14	12	4
49.0	11.0	18.0	3	5	14	6	7	31	3
49.0	42.0	13.0	2	16	8	16	3
53.0	43.0	14.0	2	7	11	13	4
61.0	52.0	3.0	1	29	2
57.0	48.0	23.0	1	14	5
56.0	37.0	6.0	3	5	8	9	4	20	2
55.0	54.0	26.0	3	5	8	28	3	26	3
15.0	47.0	16.0	1	9	4
14.0	37.0	11.0	2	8	10	16	4
11.0	31.0	7.0	1	7	9
16.0	22.0	41.0	2	11	6	27	3
4.0	18.0	35.0	3	6	13	8	12	12	4
28.0	18.0	26.0	3	12	6	11	4	17	3
26.0	52.0	9.0	2	13	7	21	3
26.0	35.0	15.0	1	13	7
31.0	67.0	3.0	2	8	6	22	4
15.0	19.0	1.0	2	13	6	22	2
22.0	22.0	2.0	3	5	8	5	7	15	3
18.0	24.0	22.0	2	4	14	14	6
26.0	27.0	27.0	3	9	8	30	4	16	4
25.0	24.0	20.0	3	4	8	16	7	14	5
22.0	27.0	11.0	2	6	13	18	2
25.0	21.0	12.0	2	6	12	11	7
19.0	21.0	10.0	2	6	14	12	8
20.0	26.0	9.0	3	6	16	11	6	13	5
18.0	18.0	17.0	2	7	16	16	3