# x   |  y    | demand	| numItems | l - w (for each item)
35.0	35.0	0.0	0
41.0	49.0	10.0	2	4	15	27	2
35.0	17.0	7.0	1	13	10
55.0	45.0	13.0	1	7	10
55.0	20.0	19.0	2	29	3	16	2
15.0	30.0	26.0	2	9	7	28	3
25.0	30.0	3.0	2	27	3	20	2
20.0	50.0	5.0	1	20	2
10.0	43.0	9.0	2	18	10	12	9
55.0	60.0	16.0	2	18	4	20	2
30.0	60.0	16.0	1	13	8
20.0	65.0	12.0	1	30	2
50.0	35.0	19.0	2	16	10	28	2
30.0	25.0	23.0	1	5	16
15.0	10.0	20.0	2	5	13	29	4
30.0	5.0	8.0	2	22	3	17	3
10.0	20.0	19.0	2	15	5	32	3
5.0	30.0	2.0	2	5	13	18	7
20.0	40.0	12.0	2	5	13	10	8
15.0	60.0	17.0	1	19	6
45.0	65.0	9.0	2	28	4	33	3
45.0	20.0	11.0	1	13	5
45.0	10.0	18.0	2	8	5	29	2
55.0	5.0	29.0	1	5	17
65.0	35.0	3.0	2	34	4	23	3
65.0	20.0	6.0	2	18	9	31	3
45.0	30.0	17.0	1	19	4
35.0	40.0	16.0	1	8	14
41.0	37.0	16.0	2	35	4	17	3
64.0	42.0	9.0	2	6	11	15	7
40.0	60.0	21.0	1	34	3
31.0	52.0	27.0	1	14	5
35.0	69.0	23.0	2	5	16	13	5
53.0	52.0	11.0	2	6	15	20	4
65.0	55.0	14.0	1	6	13
63.0	65.0	8.0	1	12	10
2.0	60.0	5.0	2	13	9	17	3
20.0	20.0	8.0	2	4	13	19	4
5.0	5.0	16.0	2	9	6	26	2
60.0	12.0	31.0	1	8	14
40.0	25.0	9.0	2	7	16	11	4
42.0	7.0	5.0	1	7	15
24.0	12.0	5.0	2	4	18	17	9
23.0	3.0	7.0	2	6	9	16	2
11.0	14.0	18.0	1	21	3
6.0	38.0	16.0	1	14	8
2.0	48.0	1.0	1	5	15
8.0	56.0	27.0	1	26	3
13.0	52.0	36.0	1	6	14
6.0	68.0	30.0	2	7	16	6	9
47.0	47.0	13.0	2	5	9	30	4
49.0	58.0	10.0	2	15	7	15	5
27.0	43.0	9.0	2	15	8	20	2
37.0	31.0	14.0	2	6	17	6	15
57.0	29.0	18.0	1	19	2
63.0	23.0	2.0	2	4	13	14	6
53.0	12.0	6.0	2	13	9	8	8
32.0	12.0	7.0	1	17	10
36.0	26.0	18.0	1	4	16
21.0	24.0	28.0	1	4	14
17.0	34.0	3.0	2	18	6	12	6
12.0	24.0	13.0	2	5	10	4	10
24.0	58.0	19.0	1	7	15
27.0	69.0	10.0	2	15	7	36	4
15.0	77.0	9.0	2	5	14	9	5
62.0	77.0	20.0	1	6	10
49.0	73.0	25.0	2	10	10	20	6
67.0	5.0	25.0	1	23	3
56.0	39.0	36.0	1	12	6
37.0	47.0	6.0	1	22	3
37.0	56.0	5.0	1	4	9
57.0	68.0	15.0	2	7	18	10	9
47.0	16.0	25.0	1	34	4
44.0	17.0	9.0	2	6	17	9	4
46.0	13.0	8.0	2	7	14	25	4
49.0	11.0	18.0	1	5	12
49.0	42.0	13.0	1	29	2
53.0	43.0	14.0	2	7	12	9	6
61.0	52.0	3.0	1	15	7
57.0	48.0	23.0	2	15	6	26	3
56.0	37.0	6.0	1	17	3
55.0	54.0	26.0	1	18	4
15.0	47.0	16.0	2	4	14	8	11
14.0	37.0	11.0	1	18	7
11.0	31.0	7.0	2	6	15	18	3
16.0	22.0	41.0	1	6	15
4.0	18.0	35.0	1	33	2
28.0	18.0	26.0	1	31	3
26.0	52.0	9.0	1	7	9
26.0	35.0	15.0	2	18	8	17	5
31.0	67.0	3.0	1	11	4
15.0	19.0	1.0	1	8	13
22.0	22.0	2.0	1	27	4
18.0	24.0	22.0	1	14	6
26.0	27.0	27.0	2	5	17	16	4
25.0	24.0	20.0	1	16	7
22.0	27.0	11.0	2	17	10	16	4
25.0	21.0	12.0	2	6	14	21	3
19.0	21.0	10.0	2	4	16	5	14
20.0	26.0	9.0	2	7	11	13	10
18.0	18.0	17.0	2	5	17	18	9