# x   |  y    | demand	| numItems | l - w (for each item)
35.0	35.0	0.0	0
41.0	49.0	10.0	3	30	3	19	2	13	2
35.0	17.0	7.0	3	8	15	19	3	19	3
55.0	45.0	13.0	2	5	12	29	2
55.0	20.0	19.0	1	13	6
15.0	30.0	26.0	3	11	8	6	8	19	3
25.0	30.0	3.0	3	5	10	12	5	18	3
20.0	50.0	5.0	3	5	9	10	8	9	7
10.0	43.0	9.0	1	16	2
55.0	60.0	16.0	3	8	16	5	12	5	6
30.0	60.0	16.0	2	5	12	21	3
20.0	65.0	12.0	1	12	5
50.0	35.0	19.0	3	30	3	24	3	17	3
30.0	25.0	23.0	2	9	7	17	3
15.0	10.0	20.0	1	13	3
30.0	5.0	8.0	3	7	11	11	5	30	4
10.0	20.0	19.0	3	5	10	11	7	20	4
5.0	30.0	2.0	1	25	4
20.0	40.0	12.0	2	8	7	29	3
15.0	60.0	17.0	2	4	14	8	9
45.0	65.0	9.0	2	5	10	27	4
45.0	20.0	11.0	3	6	11	16	7	16	3
45.0	10.0	18.0	3	6	7	6	7	22	3
55.0	5.0	29.0	2	24	3	21	3
65.0	35.0	3.0	3	8	15	6	15	22	3
65.0	20.0	6.0	3	6	15	8	11	8	5
45.0	30.0	17.0	2	5	11	9	6
35.0	40.0	16.0	3	6	15	19	3	14	3
41.0	37.0	16.0	1	5	10
64.0	42.0	9.0	1	30	3
40.0	60.0	21.0	1	6	12
31.0	52.0	27.0	3	7	7	16	6	15	2
35.0	69.0	23.0	2	14	7	8	4
53.0	52.0	11.0	2	8	5	11	4
65.0	55.0	14.0	1	10	5
63.0	65.0	8.0	1	9	4
2.0	60.0	5.0	1	31	3
20.0	20.0	8.0	1	7	14
5.0	5.0	16.0	3	8	9	16	5	16	4
60.0	12.0	31.0	1	21	4
40.0	25.0	9.0	3	12	7	7	6	20	4
42.0	7.0	5.0	3	7	12	7	10	30	2
24.0	12.0	5.0	3	5	13	24	4	23	3
23.0	3.0	7.0	1	26	2
11.0	14.0	18.0	1	19	3
6.0	38.0	16.0	1	18	3
2.0	48.0	1.0	1	14	6
8.0	56.0	27.0	3	8	12	8	5	30	3
13.0	52.0	36.0	2	7	9	16	3
6.0	68.0	30.0	1	29	3
47.0	47.0	13.0	1	9	7
49.0	58.0	10.0	3	15	4	32	3	27	3
27.0	43.0	9.0	3	6	15	7	12	14	5
37.0	31.0	14.0	2	22	4	24	3
57.0	29.0	18.0	3	13	5	22	4	23	3
63.0	23.0	2.0	1	14	3
53.0	12.0	6.0	1	6	7
32.0	12.0	7.0	1	15	6
36.0	26.0	18.0	2	7	15	5	14
21.0	24.0	28.0	3	8	15	13	8	9	6
17.0	34.0	3.0	2	5	11	15	7
12.0	24.0	13.0	2	8	13	9	4
24.0	58.0	19.0	1	14	8
27.0	69.0	10.0	3	6	15	14	6	23	3
15.0	77.0	9.0	3	12	7	15	4	11	4
62.0	77.0	20.0	2	12	8	13	3
49.0	73.0	25.0	1	10	4
67.0	5.0	25.0	2	5	12	10	4
56.0	39.0	36.0	2	6	10	7	8
37.0	47.0	6.0	3	4	8	13	4	24	2
37.0	56.0	5.0	3	5	12	7	8	12	7
57.0	68.0	15.0	1	7	10
47.0	16.0	25.0	2	7	8	19	4
44.0	17.0	9.0	1	16	5
46.0	13.0	8.0	2	5	9	14	5
49.0	11.0	18.0	2	5	9	14	7
49.0	42.0	13.0	1	9	7
53.0	43.0	14.0	2	5	7	22	3
61.0	52.0	3.0	2	15	6	13	6
57.0	48.0	23.0	2	14	7	12	5
56.0	37.0	6.0	2	11	7	25	2
55.0	54.0	26.0	1	23	2
15.0	47.0	16.0	2	16	5	11	4
14.0	37.0	11.0	1	8	7
11.0	31.0	7.0	2	14	6	20	2
16.0	22.0	41.0	3	6	11	5	7	12	6
4.0	18.0	35.0	3	7	16	5	12	30	2
28.0	18.0	26.0	3	15	7	25	3	20	2
26.0	52.0	9.0	3	13	6	8	6	22	4
26.0	35.0	15.0	2	15	7	25	3
31.0	67.0	3.0	3	7	15	5	9	30	2
15.0	19.0	1.0	3	6	13	10	7	8	5
22.0	22.0	2.0	3	11	6	13	5	16	4
18.0	24.0	22.0	3	9	7	9	6	20	2
26.0	27.0	27.0	2	15	8	15	5
25.0	24.0	20.0	3	5	11	22	3	32	2
22.0	27.0	11.0	2	29	3	15	3
25.0	21.0	12.0	3	6	13	5	13	22	4
19.0	21.0	10.0	3	13	8	14	7	25	2
20.0	26.0	9.0	2	5	16	14	2
18.0	18.0	17.0	3	5	14	7	8	24	3