# x   |  y    | demand	| numItems | l - w (for each item)
35.0	35.0	0.0	0
41.0	49.0	10.0	1	33	2
35.0	17.0	7.0	2	15	7	31	3
55.0	45.0	13.0	1	7	18
55.0	20.0	19.0	1	13	5
15.0	30.0	26.0	1	35	3
25.0	30.0	3.0	2	8	18	18	3
20.0	50.0	5.0	1	9	9
10.0	43.0	9.0	2	8	9	8	8
55.0	60.0	16.0	1	7	17
30.0	60.0	16.0	1	31	3
20.0	65.0	12.0	2	10	7	32	4
50.0	35.0	19.0	2	14	10	14	5
30.0	25.0	23.0	2	6	15	30	4
15.0	10.0	20.0	1	14	8
30.0	5.0	8.0	2	10	8	17	6
10.0	20.0	19.0	2	4	17	4	8
5.0	30.0	2.0	2	11	5	33	4
20.0	40.0	12.0	2	6	11	16	6
15.0	60.0	17.0	1	36	3
45.0	65.0	9.0	1	16	10
45.0	20.0	11.0	2	12	9	28	4
45.0	10.0	18.0	2	35	3	22	3
55.0	5.0	29.0	2	6	9	31	3
65.0	35.0	3.0	2	6	13	18	9
65.0	20.0	6.0	1	7	17
45.0	30.0	17.0	1	6	13
35.0	40.0	16.0	1	14	9
41.0	37.0	16.0	2	20	9	34	3
64.0	42.0	9.0	2	12	9	23	4
40.0	60.0	21.0	2	34	2	22	2
31.0	52.0	27.0	2	6	13	6	10
35.0	69.0	23.0	1	29	4
53.0	52.0	11.0	1	27	3
65.0	55.0	14.0	1	4	9
63.0	65.0	8.0	2	14	7	19	3
2.0	60.0	5.0	2	5	16	5	10
20.0	20.0	8.0	2	5	10	18	3
5.0	5.0	16.0	1	7	18
60.0	12.0	31.0	2	6	16	31	3
40.0	25.0	9.0	2	11	8	17	7
42.0	7.0	5.0	2	6	9	14	8
24.0	12.0	5.0	2	9	7	31	4
23.0	3.0	7.0	1	35	4
11.0	14.0	18.0	1	31	2
6.0	38.0	16.0	2	6	17	15	7
2.0	48.0	1.0	1	16	2
8.0	56.0	27.0	2	10	5	22	3
13.0	52.0	36.0	2	7	14	27	3
6.0	68.0	30.0	1	11	7
47.0	47.0	13.0	1	5	18
49.0	58.0	10.0	1	8	16
27.0	43.0	9.0	2	5	10	19	5
37.0	31.0	14.0	1	32	2
57.0	29.0	18.0	2	15	9	20	7
63.0	23.0	2.0	2	5	18	4	14
53.0	12.0	6.0	1	6	17
32.0	12.0	7.0	2	8	6	8	6
36.0	26.0	18.0	2	7	12	32	4
21.0	24.0	28.0	1	20	3
17.0	34.0	3.0	1	33	2
12.0	24.0	13.0	2	5	14	28	3
24.0	58.0	19.0	2	8	14	16	10
27.0	69.0	10.0	2	8	7	23	3
15.0	77.0	9.0	2	6	12	5	9
62.0	77.0	20.0	1	19	6
49.0	73.0	25.0	2	11	8	19	3
67.0	5.0	25.0	2	20	10	22	3
56.0	39.0	36.0	1	7	13
37.0	47.0	6.0	2	6	12	25	3
37.0	56.0	5.0	2	14	9	18	2
57.0	68.0	15.0	2	6	16	24	3
47.0	16.0	25.0	2	8	12	34	2
44.0	17.0	9.0	1	18	6
46.0	13.0	8.0	2	11	6	17	4
49.0	11.0	18.0	1	31	3
49.0	42.0	13.0	1	6	9
53.0	43.0	14.0	2	17	8	15	4
61.0	52.0	3.0	2	7	17	20	3
57.0	48.0	23.0	2	8	17	21	2
56.0	37.0	6.0	1	10	5
55.0	54.0	26.0	2	7	13	7	12
15.0	47.0	16.0	2	5	14	20	3
14.0	37.0	11.0	1	7	18
11.0	31.0	7.0	2	7	15	9	5
16.0	22.0	41.0	1	13	10
4.0	18.0	35.0	2	12	9	31	3
28.0	18.0	26.0	1	16	9
26.0	52.0	9.0	2	7	18	5	14
26.0	35.0	15.0	1	6	9
31.0	67.0	3.0	2	27	4	18	2
15.0	19.0	1.0	1	17	3
22.0	22.0	2.0	1	22	4
18.0	24.0	22.0	2	8	17	4	17
26.0	27.0	27.0	1	7	13
25.0	24.0	20.0	2	4	9	16	8
22.0	27.0	11.0	1	28	2
25.0	21.0	12.0	1	35	3
19.0	21.0	10.0	2	10	7	8	7
20.0	26.0	9.0	1	16	9
18.0	18.0	17.0	2	16	9	28	2