# x   |  y    | demand	| numItems | l - w (for each item)
35.0	35.0	0.0	0
41.0	49.0	10.0	5	7	11	7	9	8	4	5	4	17	2
35.0	17.0	7.0	4	5	10	5	7	21	3	7	3
55.0	45.0	13.0	5	7	5	7	4	4	4	8	3	6	2
55.0	20.0	19.0	1	9	3
15.0	30.0	26.0	4	8	4	18	3	17	3	6	3
25.0	30.0	3.0	4	5	4	8	3	6	3	4	2
20.0	50.0	5.0	1	7	12
10.0	43.0	9.0	5	8	6	6	6	13	4	9	4	6	2
55.0	60.0	16.0	3	11	3	15	2	8	2
30.0	60.0	16.0	2	5	7	6	4
20.0	65.0	12.0	5	5	11	4	10	19	4	12	3	8	3
50.0	35.0	19.0	2	8	6	17	3
30.0	25.0	23.0	3	4	3	14	2	11	2
15.0	10.0	20.0	4	7	9	5	5	11	2	6	2
30.0	5.0	8.0	3	6	8	21	3	11	3
10.0	20.0	19.0	4	10	4	8	4	22	3	18	3
5.0	30.0	2.0	5	6	12	6	10	5	10	7	6	17	2
20.0	40.0	12.0	3	6	8	18	4	8	3
15.0	60.0	17.0	3	6	8	6	3	11	2
45.0	65.0	9.0	3	7	5	8	4	8	3
45.0	20.0	11.0	2	8	2	5	2
45.0	10.0	18.0	1	10	5
55.0	5.0	29.0	2	4	4	11	3
65.0	35.0	3.0	5	4	7	17	4	9	4	20	3	6	2
65.0	20.0	6.0	5	9	6	8	6	11	4	6	4	10	3
45.0	30.0	17.0	2	10	5	8	2
35.0	40.0	16.0	1	9	3
41.0	37.0	16.0	1	6	6
64.0	42.0	9.0	3	6	7	6	5	7	2
40.0	60.0	21.0	1	6	5
31.0	52.0	27.0	3	10	6	19	4	7	2
35.0	69.0	23.0	3	9	4	18	3	17	2
53.0	52.0	11.0	2	7	10	7	6
65.0	55.0	14.0	1	6	3
63.0	65.0	8.0	4	7	12	10	6	7	6	5	6
2.0	60.0	5.0	4	5	6	6	4	11	2	6	2
20.0	20.0	8.0	5	7	11	5	11	4	6	10	4	8	4
5.0	5.0	16.0	5	6	11	7	9	10	5	4	5	13	3
60.0	12.0	31.0	4	6	6	18	3	19	2	9	2
40.0	25.0	9.0	5	5	8	9	4	8	4	7	4	7	4
42.0	7.0	5.0	4	6	7	17	4	5	3	17	2
24.0	12.0	5.0	5	9	4	10	3	4	3	16	2	5	2
23.0	3.0	7.0	2	5	10	8	4
11.0	14.0	18.0	4	4	5	12	3	11	3	11	3
6.0	38.0	16.0	4	7	11	4	8	6	4	20	2
2.0	48.0	1.0	4	7	10	6	6	7	5	24	3
8.0	56.0	27.0	4	12	4	23	3	13	3	18	2
13.0	52.0	36.0	5	6	8	6	6	10	4	5	3	6	2
6.0	68.0	30.0	5	4	11	7	6	8	5	4	4	13	3
47.0	47.0	13.0	4	21	4	9	4	7	4	8	2
49.0	58.0	10.0	2	5	8	12	2
27.0	43.0	9.0	4	7	8	6	4	6	3	21	2
37.0	31.0	14.0	1	8	2
57.0	29.0	18.0	1	7	6
63.0	23.0	2.0	4	11	5	24	3	7	3	7	2
53.0	12.0	6.0	2	9	5	19	3
32.0	12.0	7.0	2	7	9	4	3
36.0	26.0	18.0	4	4	10	12	4	7	4	15	3
21.0	24.0	28.0	2	10	4	16	3
17.0	34.0	3.0	1	11	2
12.0	24.0	13.0	4	7	11	16	3	12	3	4	3
24.0	58.0	19.0	1	7	11
27.0	69.0	10.0	2	5	6	23	3
15.0	77.0	9.0	3	6	8	5	3	7	2
62.0	77.0	20.0	4	8	4	12	3	6	3	8	2
49.0	73.0	25.0	1	5	3
67.0	5.0	25.0	1	4	12
56.0	39.0	36.0	4	7	5	17	4	8	4	23	3
37.0	47.0	6.0	5	10	6	7	6	7	4	16	3	6	2
37.0	56.0	5.0	5	8	5	6	5	18	3	11	3	21	2
57.0	68.0	15.0	1	20	3
47.0	16.0	25.0	5	11	6	5	4	19	3	8	3	8	3
44.0	17.0	9.0	3	5	6	10	4	7	3
46.0	13.0	8.0	5	4	10	4	5	18	4	6	4	10	2
49.0	11.0	18.0	1	8	3
49.0	42.0	13.0	4	20	3	6	3	23	2	5	2
53.0	43.0	14.0	5	5	6	6	5	5	3	7	2	5	2
61.0	52.0	3.0	1	8	2
57.0	48.0	23.0	2	8	4	7	4
56.0	37.0	6.0	3	6	5	11	4	13	3
55.0	54.0	26.0	1	6	6
15.0	47.0	16.0	2	6	5	12	2
14.0	37.0	11.0	4	11	5	9	4	23	3	4	3
11.0	31.0	7.0	2	7	10	9	3
16.0	22.0	41.0	2	5	5	4	3
4.0	18.0	35.0	2	5	7	15	4
28.0	18.0	26.0	2	11	4	8	4
26.0	52.0	9.0	5	9	5	5	5	10	4	10	2	4	2
26.0	35.0	15.0	3	7	6	5	6	6	3
31.0	67.0	3.0	4	11	4	5	4	4	4	5	3
15.0	19.0	1.0	3	8	6	6	5	7	2
22.0	22.0	2.0	1	5	3
18.0	24.0	22.0	5	23	4	11	4	11	4	10	4	9	3
26.0	27.0	27.0	4	7	4	7	3	16	2	5	2
25.0	24.0	20.0	5	11	5	20	4	9	4	5	4	8	2
22.0	27.0	11.0	4	5	5	22	3	7	3	18	2
25.0	21.0	12.0	3	8	4	11	2	6	2
19.0	21.0	10.0	2	8	8	6	3
20.0	26.0	9.0	4	8	11	11	4	6	4	6	4
18.0	18.0	17.0	1	10	3