# x   |  y    | demand	| numItems | l - w (for each item)
40.0	50.0	0.0	0
45.0	68.0	10.0	1	23	3
45.0	70.0	30.0	1	15	4
42.0	66.0	10.0	1	29	4
42.0	68.0	10.0	1	7	15
42.0	65.0	10.0	2	17	4	30	3
40.0	69.0	20.0	2	6	13	15	6
40.0	66.0	20.0	1	34	3
38.0	68.0	20.0	1	5	17
38.0	70.0	10.0	1	19	7
35.0	66.0	10.0	1	28	3
35.0	69.0	10.0	2	25	3	17	3
25.0	85.0	20.0	2	32	4	24	4
22.0	75.0	30.0	2	8	8	12	5
22.0	85.0	10.0	2	7	18	6	16
20.0	80.0	40.0	2	11	5	22	2
20.0	85.0	40.0	2	10	9	15	6
18.0	75.0	20.0	2	18	4	24	3
15.0	75.0	20.0	2	20	3	17	2
15.0	80.0	10.0	2	12	7	33	3
30.0	50.0	10.0	2	13	8	34	4
30.0	52.0	20.0	2	11	6	27	3
28.0	52.0	20.0	2	8	16	17	2
28.0	55.0	10.0	1	20	9
25.0	50.0	10.0	1	29	2
25.0	52.0	40.0	2	18	8	28	3
25.0	55.0	10.0	1	7	10
23.0	52.0	10.0	2	7	14	26	2
23.0	55.0	20.0	1	25	3
20.0	50.0	10.0	1	26	3
20.0	55.0	10.0	2	7	12	31	2
10.0	35.0	20.0	1	6	15
10.0	40.0	30.0	2	13	9	31	3
8.0	40.0	40.0	1	16	4
8.0	45.0	20.0	1	4	10
5.0	35.0	10.0	2	7	16	16	4
5.0	45.0	10.0	1	6	14
2.0	40.0	20.0	1	19	10
0.0	40.0	30.0	2	30	4	27	4
0.0	45.0	20.0	2	32	3	22	3
35.0	30.0	10.0	1	28	3
35.0	32.0	10.0	1	27	3
33.0	32.0	20.0	1	18	4
33.0	35.0	10.0	1	16	9
32.0	30.0	10.0	2	5	14	20	4
30.0	30.0	10.0	1	11	4
30.0	32.0	30.0	2	10	10	15	9
30.0	35.0	10.0	2	8	18	21	3
28.0	30.0	10.0	2	30	3	33	2
28.0	35.0	10.0	2	5	15	8	12
26.0	32.0	10.0	2	32	3	22	3
25.0	30.0	10.0	2	7	14	9	6
25.0	35.0	10.0	1	18	6
44.0	5.0	20.0	1	17	7
42.0	10.0	40.0	2	11	7	11	6
42.0	15.0	10.0	2	6	17	28	3
40.0	5.0	30.0	1	5	16
40.0	15.0	40.0	1	15	10
38.0	5.0	30.0	2	6	17	9	6
38.0	15.0	10.0	1	5	13
35.0	5.0	20.0	2	10	6	10	5
50.0	30.0	10.0	2	5	13	20	3
50.0	35.0	20.0	2	9	9	30	2
50.0	40.0	50.0	1	15	6
48.0	30.0	10.0	2	7	11	9	7
48.0	40.0	10.0	1	8	9
47.0	35.0	10.0	2	8	16	36	2
47.0	40.0	10.0	1	18	8
45.0	30.0	10.0	1	8	10
45.0	35.0	10.0	1	30	3
95.0	30.0	30.0	1	20	6
95.0	35.0	20.0	1	18	3
53.0	30.0	10.0	2	18	7	18	3
92.0	30.0	10.0	1	20	4
53.0	35.0	50.0	2	15	7	19	6
45.0	65.0	20.0	2	6	16	30	3
90.0	35.0	10.0	1	18	2
88.0	30.0	10.0	2	5	15	8	6
88.0	35.0	20.0	1	4	8
87.0	30.0	10.0	1	5	13
85.0	25.0	10.0	1	30	3
85.0	35.0	30.0	1	16	5
75.0	55.0	20.0	2	15	8	26	3
72.0	55.0	10.0	1	10	8
70.0	58.0	20.0	1	24	3
68.0	60.0	30.0	1	35	4
66.0	55.0	10.0	1	22	3
65.0	55.0	20.0	1	8	14
65.0	60.0	30.0	1	6	13
63.0	58.0	10.0	1	28	3
60.0	55.0	10.0	1	12	9
60.0	60.0	10.0	2	5	15	6	9
67.0	85.0	20.0	2	6	14	21	2
65.0	85.0	40.0	1	20	7
65.0	82.0	10.0	2	13	9	8	6
62.0	80.0	30.0	1	34	4
60.0	80.0	10.0	2	4	16	29	3
60.0	85.0	30.0	1	32	4
58.0	75.0	20.0	1	5	16
55.0	80.0	10.0	2	29	3	20	3
55.0	85.0	20.0	2	7	13	29	3