# x   |  y    | demand	| numItems | l - w (for each item)
10.0	45.0	0.0	0
25.0	1.0	25.0	2	20	6	25	3
25.0	3.0	7.0	1	33	2
31.0	5.0	13.0	1	10	6
32.0	5.0	6.0	1	5	12
31.0	7.0	14.0	2	7	15	4	9
32.0	9.0	5.0	2	23	4	22	3
34.0	9.0	11.0	2	5	8	34	4
46.0	9.0	19.0	1	4	14
35.0	7.0	5.0	1	5	11
34.0	6.0	15.0	1	5	9
35.0	5.0	15.0	1	30	4
47.0	6.0	17.0	2	5	13	17	4
40.0	5.0	13.0	2	7	18	19	8
39.0	3.0	12.0	2	25	4	22	3
36.0	3.0	18.0	1	29	2
73.0	6.0	13.0	2	5	11	20	8
73.0	8.0	18.0	2	6	15	6	14
24.0	36.0	12.0	2	8	12	18	2
76.0	6.0	17.0	2	24	4	19	4
76.0	10.0	4.0	2	17	8	29	2
76.0	13.0	7.0	1	17	2
78.0	3.0	12.0	1	16	5
78.0	9.0	13.0	2	4	16	8	10
79.0	3.0	8.0	2	13	9	23	3
79.0	5.0	16.0	1	17	5
79.0	11.0	15.0	2	16	10	8	9
82.0	3.0	6.0	2	13	9	31	3
82.0	7.0	5.0	2	34	4	25	2
90.0	15.0	9.0	2	5	14	7	10
84.0	3.0	11.0	1	34	2
84.0	5.0	10.0	2	7	17	16	7
84.0	9.0	3.0	2	15	8	18	4
85.0	1.0	7.0	1	31	4
87.0	5.0	2.0	1	7	12
85.0	8.0	4.0	2	6	11	25	2
87.0	7.0	4.0	1	14	6
86.0	41.0	18.0	1	25	4
86.0	44.0	14.0	2	4	12	18	3
86.0	46.0	12.0	2	16	9	34	3
85.0	55.0	17.0	1	8	10
89.0	43.0	20.0	2	13	6	27	4
89.0	46.0	14.0	2	4	9	18	3
89.0	52.0	16.0	2	7	12	26	4
92.0	42.0	10.0	2	15	8	15	8
92.0	52.0	9.0	1	13	8
94.0	42.0	11.0	2	15	5	22	3
94.0	44.0	7.0	2	5	10	29	2
94.0	48.0	13.0	2	8	7	11	6
96.0	42.0	5.0	2	17	5	17	2
99.0	46.0	4.0	1	21	4
99.0	50.0	21.0	2	5	10	9	5
83.0	80.0	13.0	1	10	10
83.0	83.0	11.0	2	4	16	19	5
85.0	81.0	12.0	1	17	7
85.0	85.0	14.0	2	19	8	18	3
85.0	89.0	10.0	1	8	11
87.0	80.0	8.0	2	12	6	17	3
87.0	86.0	16.0	1	32	3
90.0	77.0	19.0	1	13	7
90.0	88.0	5.0	1	14	9
93.0	82.0	17.0	2	5	14	13	4
93.0	84.0	7.0	2	13	9	23	4
93.0	89.0	16.0	1	6	18
94.0	86.0	14.0	2	15	8	23	3
95.0	80.0	17.0	2	8	11	5	11
99.0	89.0	13.0	1	16	8
37.0	83.0	17.0	1	19	6
50.0	80.0	13.0	1	8	8
35.0	85.0	14.0	2	6	8	22	3
35.0	87.0	16.0	1	13	8
44.0	86.0	7.0	1	21	3
46.0	89.0	13.0	1	19	2
46.0	83.0	9.0	2	35	4	25	4
46.0	87.0	11.0	2	5	12	17	7
46.0	89.0	35.0	1	11	4
48.0	83.0	5.0	1	6	16
50.0	85.0	28.0	2	9	7	23	4
50.0	88.0	7.0	2	13	7	36	2
54.0	86.0	3.0	1	32	2
54.0	90.0	10.0	1	26	3
10.0	35.0	7.0	2	15	10	13	8
10.0	40.0	12.0	2	9	10	22	3
18.0	30.0	11.0	1	9	9
17.0	35.0	10.0	1	6	9
16.0	38.0	8.0	1	27	2
14.0	40.0	11.0	2	9	7	18	3
15.0	42.0	21.0	1	17	4
11.0	42.0	4.0	2	7	16	7	12
18.0	40.0	15.0	1	25	3
21.0	39.0	16.0	2	7	18	7	11
20.0	40.0	4.0	1	14	7
18.0	41.0	16.0	1	26	3
20.0	44.0	7.0	1	16	7
22.0	44.0	10.0	1	24	4
16.0	45.0	9.0	1	6	8
20.0	45.0	11.0	1	9	8
25.0	45.0	17.0	1	20	2
30.0	55.0	12.0	1	15	9
20.0	50.0	11.0	2	23	4	17	2
22.0	51.0	7.0	1	16	8
18.0	49.0	9.0	1	5	11
16.0	48.0	11.0	2	7	9	27	4
20.0	55.0	12.0	2	19	8	18	7
18.0	53.0	7.0	2	14	10	18	8
14.0	50.0	8.0	1	14	9
15.0	51.0	6.0	1	5	10
16.0	54.0	5.0	2	7	11	15	10
28.0	33.0	12.0	1	5	8
33.0	38.0	13.0	2	5	12	4	11
30.0	50.0	7.0	2	5	17	17	3
13.0	40.0	7.0	2	6	15	14	9
15.0	36.0	8.0	1	4	18
18.0	31.0	11.0	2	13	6	21	3
25.0	37.0	13.0	2	4	8	18	3
30.0	46.0	11.0	2	7	8	19	4
25.0	52.0	10.0	1	7	16
16.0	33.0	7.0	2	6	9	34	2
25.0	35.0	4.0	2	6	14	5	12
5.0	40.0	20.0	1	16	6
5.0	50.0	13.0	2	35	2	31	2