# x   |  y    | demand	| numItems | l - w (for each item)
-6.0	15.0	0.0	0
3.2	5.1	30.0	1	5	4
24.6	8.3	226.0	1	15	3
23.3	1.3	37.0	5	9	5	7	4	8	3	4	3	19	2
27.8	8.3	24.0	4	11	6	6	6	13	3	4	2
29.0	8.0	36.0	2	4	10	6	8
31.0	8.0	1.0	5	5	10	6	6	8	4	5	4	5	4
33.5	10.5	31.0	4	5	10	5	8	5	3	16	2
30.0	10.5	24.0	4	8	12	7	9	12	3	8	3
29.0	10.0	30.0	1	7	11
26.5	11.7	24.0	5	7	11	7	8	8	4	10	3	7	3
28.3	14.3	24.0	2	7	4	22	3
27.0	14.3	32.0	5	5	11	5	8	6	5	10	4	10	2
23.5	19.0	24.0	4	11	6	19	3	19	3	12	2
26.0	20.0	24.0	3	5	7	5	7	6	3
25.0	20.0	19.0	3	5	6	11	5	23	3
20.5	19.0	24.0	2	16	4	5	3
-20.0	13.0	18.0	2	5	7	16	4
-21.0	14.0	36.0	2	8	11	23	2
-30.0	30.0	115.0	2	18	4	6	4
-5.0	30.0	24.0	3	8	10	6	3	17	2
1.3	17.8	24.0	5	7	11	5	6	24	3	6	2	5	2
1.8	13.8	61.0	5	7	12	6	10	7	6	10	5	9	3
1.8	13.1	71.0	3	5	7	10	4	9	2
2.0	13.6	36.0	1	11	3
4.8	17.0	18.0	5	5	6	6	5	4	5	19	4	9	2
7.0	15.0	30.0	2	7	5	8	2
9.8	16.6	31.0	4	7	10	5	8	18	3	6	2
11.4	14.5	36.0	1	4	9
14.4	11.3	18.0	4	8	12	7	5	16	4	21	3
11.0	12.0	1004.0	5	10	5	17	3	7	3	6	3	8	2
9.3	10.7	18.0	5	13	3	11	3	7	3	10	2	7	2
0.6	2.8	34.0	5	7	5	6	4	7	3	5	3	24	2
-30.0	-10.0	504.0	3	5	7	10	5	23	3
2.0	0.0	18.0	1	8	8
14.5	1.0	39.0	5	5	11	11	4	11	3	10	3	11	2
15.0	1.8	24.0	5	7	7	5	5	21	3	19	3	9	3
17.2	2.4	37.0	1	6	3
17.2	4.2	24.0	5	7	7	8	5	10	4	7	4	5	3
18.2	4.4	99.0	3	7	6	8	5	8	3
20.3	2.1	24.0	4	5	12	4	8	10	6	18	2
22.8	3.1	24.0	1	8	5
23.0	4.0	36.0	5	6	9	8	4	23	3	21	3	19	3
20.8	4.0	30.0	3	6	9	6	7	8	2
20.8	4.0	25.0	3	5	9	4	5	7	2
18.5	6.4	24.0	2	6	4	7	3
-14.0	16.0	122.0	1	20	2
-0.5	6.9	196.0	4	6	11	6	5	8	3	15	2
3.2	2.8	229.0	1	9	3
5.6	1.8	83.0	5	6	9	10	5	8	5	9	4	9	3
8.7	2.8	18.0	4	4	12	5	7	18	3	6	3
9.0	3.3	24.0	3	10	5	8	4	14	3
9.0	3.5	306.0	2	24	4	7	4
11.2	3.3	18.0	2	6	5	7	3
10.8	4.7	20.0	5	6	11	4	9	7	8	5	8	23	2
11.5	4.6	18.0	3	5	6	4	6	17	2
12.3	4.7	24.0	1	11	5
12.3	5.5	22.0	4	7	11	5	7	9	2	7	2
11.2	6.9	24.0	4	7	11	5	7	5	3	5	2
6.5	9.7	18.0	4	5	11	19	3	5	3	8	2
5.8	8.5	18.0	2	5	11	10	4
7.2	6.0	24.0	4	8	11	10	3	7	3	4	2
7.2	4.0	24.0	4	8	9	16	4	9	3	6	3
-4.0	-4.0	30.0	1	7	6
-3.0	1.2	24.0	2	8	5	5	3
-40.0	49.0	40.0	4	7	12	12	5	11	3	8	2
-15.0	10.0	166.0	2	8	9	8	3
-11.0	-10.0	254.0	2	5	4	6	2
-25.0	-20.0	187.0	2	4	12	7	3
-25.0	-35.0	94.0	1	8	4
-24.0	-35.0	17.0	2	19	4	7	4
-18.0	10.0	285.0	4	8	6	7	5	11	3	8	2
-2.0	10.0	24.0	1	7	4
-4.0	8.0	24.0	3	12	6	20	4	12	3
-3.0	5.0	205.0	4	5	10	4	5	23	3	10	3
2.1	6.2	23.0	1	4	6
-1.7	3.0	28.0	4	6	5	6	5	10	4	8	3
-3.0	2.0	51.0	3	7	5	22	3	8	3
-7.0	0.0	49.0	3	7	7	10	3	7	3
-3.0	-6.0	19.0	4	6	12	22	4	7	4	5	4
-30.0	-11.0	262.0	4	8	10	5	7	9	4	9	2
-62.0	-10.0	120.0	4	5	12	8	5	5	5	9	3
-8.0	30.0	266.0	5	11	5	14	3	9	3	12	2	10	2
1.0	60.0	704.0	2	5	8	19	3
10.0	52.0	38.0	2	15	3	17	2
10.0	52.0	18.0	2	7	6	16	2
10.0	51.0	30.0	1	8	3
16.0	29.0	25.0	4	11	6	8	5	5	5	8	2
26.0	21.0	12.0	1	9	3
16.0	21.0	18.0	2	5	7	10	2
15.5	19.2	25.0	4	7	8	7	7	9	6	10	3
0.0	16.5	35.0	3	10	5	5	5	19	3
17.2	14.3	18.0	5	7	5	5	4	5	3	17	2	7	2
16.5	7.8	12.0	5	7	10	4	7	5	5	12	4	7	3
16.9	7.7	20.0	1	6	7
18.0	2.0	1126.0	5	11	6	7	6	10	5	7	5	5	2
16.2	4.0	9.0	1	6	5
15.0	4.0	36.0	3	8	5	10	3	8	2
15.0	3.0	12.0	5	8	10	6	10	8	3	8	2	5	2
14.8	2.4	31.0	2	18	3	9	3
14.5	3.0	96.0	4	12	5	20	4	12	4	10	4
13.0	2.6	27.0	4	6	6	10	4	20	3	6	2
11.8	3.0	54.0	1	5	4
12.0	4.0	137.0	2	6	9	6	5
12.8	3.6	12.0	1	6	3
13.4	5.5	58.0	1	9	4
-150.0	8.0	206.0	3	6	4	4	4	19	3
-152.0	1.0	178.0	5	6	5	21	4	6	4	21	3	7	3
-152.0	0.0	486.0	5	5	6	11	5	12	4	4	4	19	2
-142.0	-31.0	36.0	4	7	10	7	7	6	5	15	2
-78.0	-19.0	261.0	2	5	6	16	3
-78.0	-18.0	135.0	3	14	4	17	3	4	3
-78.0	-17.0	135.0	3	11	6	8	5	7	3
-80.0	-14.0	373.0	3	7	9	16	4	11	4
-118.0	22.0	535.0	1	24	3
-107.0	30.0	42.0	5	4	6	10	5	11	3	10	3	10	3
-85.0	14.0	9.0	5	7	11	6	6	6	5	13	4	10	3
-78.0	15.0	110.0	5	5	8	17	4	14	4	9	3	11	2
-15.0	16.0	36.0	5	6	11	5	5	20	3	16	3	13	3
-62.0	32.0	18.0	3	4	4	13	3	7	3
-120.0	-20.0	726.0	4	6	5	16	3	6	3	22	2
-90.0	-22.0	187.0	4	8	4	7	4	18	3	5	3
-79.0	-19.0	23.0	3	5	8	8	6	11	3
-79.0	-18.5	134.0	5	5	10	6	8	11	4	8	4	7	3
-79.0	-18.0	47.0	3	6	10	9	4	4	3
-78.0	-17.5	51.0	4	6	7	10	5	6	3	6	3
-79.0	-17.0	43.0	3	7	7	11	4	7	3
-80.0	-17.0	79.0	5	12	5	4	4	4	4	6	3	6	3
-80.0	-16.0	112.0	2	5	12	8	5
-80.0	-15.0	91.0	3	7	12	6	5	7	2
-48.0	37.0	232.0	4	9	5	7	4	7	3	5	3
-85.0	15.0	483.0	4	11	5	16	3	12	3	11	3
-62.0	-9.0	828.0	3	9	6	5	5	11	2
-15.0	-4.0	11.0	5	7	11	8	7	5	5	5	3	18	2
-1.0	3.2	12.0	2	7	11	5	8