# x   |  y    | demand	| numItems | l - w (for each item)
-6.0	15.0	0.0	0
3.2	5.1	30.0	3	5	16	5	13	26	4
24.6	8.3	226.0	1	18	4
23.3	1.3	37.0	1	6	10
27.8	8.3	24.0	2	4	14	14	8
29.0	8.0	36.0	2	22	4	23	3
31.0	8.0	1.0	1	4	8
33.5	10.5	31.0	2	30	4	23	4
30.0	10.5	24.0	1	6	12
29.0	10.0	30.0	1	5	12
26.5	11.7	24.0	3	7	14	6	13	12	6
28.3	14.3	24.0	2	12	7	11	5
27.0	14.3	32.0	1	16	3
23.5	19.0	24.0	3	6	14	4	12	11	7
26.0	20.0	24.0	3	8	10	7	6	15	3
25.0	20.0	19.0	2	4	13	7	12
20.5	19.0	24.0	1	9	5
-20.0	13.0	18.0	2	5	15	12	6
-21.0	14.0	36.0	2	12	8	22	3
-30.0	30.0	115.0	2	7	14	8	10
-5.0	30.0	24.0	3	7	14	15	5	9	5
1.3	17.8	24.0	3	13	7	6	7	5	6
1.8	13.8	61.0	2	7	13	17	4
1.8	13.1	71.0	2	16	7	8	5
2.0	13.6	36.0	2	30	3	22	3
4.8	17.0	18.0	2	4	11	20	2
7.0	15.0	30.0	1	17	4
9.8	16.6	31.0	1	20	3
11.4	14.5	36.0	1	15	7
14.4	11.3	18.0	2	15	5	15	4
11.0	12.0	1004.0	3	6	15	23	3	16	2
9.3	10.7	18.0	1	12	6
0.6	2.8	34.0	1	24	3
-30.0	-10.0	504.0	1	4	6
2.0	0.0	18.0	2	6	14	22	2
14.5	1.0	39.0	1	7	10
15.0	1.8	24.0	1	4	6
17.2	2.4	37.0	1	9	5
17.2	4.2	24.0	3	5	11	16	7	22	3
18.2	4.4	99.0	2	7	7	9	5
20.3	2.1	24.0	1	11	6
22.8	3.1	24.0	3	9	7	10	5	28	4
23.0	4.0	36.0	1	8	7
20.8	4.0	30.0	2	11	6	27	2
20.8	4.0	25.0	2	5	6	5	6
18.5	6.4	24.0	3	13	6	9	5	21	3
-14.0	16.0	122.0	2	6	14	8	10
-0.5	6.9	196.0	1	19	4
3.2	2.8	229.0	1	6	11
5.6	1.8	83.0	2	9	4	9	4
8.7	2.8	18.0	2	23	4	12	4
9.0	3.3	24.0	1	5	14
9.0	3.5	306.0	1	31	2
11.2	3.3	18.0	2	9	5	14	4
10.8	4.7	20.0	3	5	9	13	4	21	3
11.5	4.6	18.0	3	14	4	9	4	16	3
12.3	4.7	24.0	3	4	14	5	6	26	2
12.3	5.5	22.0	3	7	15	32	3	13	3
11.2	6.9	24.0	2	5	15	19	4
6.5	9.7	18.0	2	8	11	26	4
5.8	8.5	18.0	1	15	7
7.2	6.0	24.0	3	5	10	9	5	12	4
7.2	4.0	24.0	3	7	13	14	3	20	2
-4.0	-4.0	30.0	3	4	9	12	5	20	4
-3.0	1.2	24.0	3	8	9	11	7	7	7
-40.0	49.0	40.0	3	5	15	14	7	12	4
-15.0	10.0	166.0	2	8	7	14	6
-11.0	-10.0	254.0	3	6	14	6	14	14	3
-25.0	-20.0	187.0	1	7	11
-25.0	-35.0	94.0	3	5	11	15	6	10	5
-24.0	-35.0	17.0	3	22	3	15	3	18	2
-18.0	10.0	285.0	1	6	16
-2.0	10.0	24.0	1	10	8
-4.0	8.0	24.0	1	31	3
-3.0	5.0	205.0	1	14	3
2.1	6.2	23.0	2	4	12	12	6
-1.7	3.0	28.0	3	7	16	6	10	23	3
-3.0	2.0	51.0	3	4	16	5	8	15	5
-7.0	0.0	49.0	2	8	8	18	3
-3.0	-6.0	19.0	3	12	7	4	7	14	5
-30.0	-11.0	262.0	2	30	3	18	2
-62.0	-10.0	120.0	1	5	15
-8.0	30.0	266.0	3	5	11	13	7	15	3
1.0	60.0	704.0	2	5	11	16	3
10.0	52.0	38.0	1	7	14
10.0	52.0	18.0	3	6	10	8	5	30	4
10.0	51.0	30.0	2	13	7	8	6
16.0	29.0	25.0	2	5	15	7	6
26.0	21.0	12.0	2	6	6	12	2
16.0	21.0	18.0	2	6	12	12	4
15.5	19.2	25.0	3	6	16	7	9	25	4
0.0	16.5	35.0	2	30	2	23	2
17.2	14.3	18.0	1	7	8
16.5	7.8	12.0	3	5	9	16	7	12	3
16.9	7.7	20.0	2	20	4	23	2
18.0	2.0	1126.0	1	6	11
16.2	4.0	9.0	3	8	13	10	6	15	4
15.0	4.0	36.0	3	11	7	20	3	19	3
15.0	3.0	12.0	1	8	8
14.8	2.4	31.0	3	8	12	10	8	6	7
14.5	3.0	96.0	1	13	5
13.0	2.6	27.0	3	6	6	20	4	27	3
11.8	3.0	54.0	3	4	11	22	4	12	4
12.0	4.0	137.0	2	13	7	26	3
12.8	3.6	12.0	3	14	5	9	5	29	3
13.4	5.5	58.0	1	16	2
-150.0	8.0	206.0	2	6	8	17	4
-152.0	1.0	178.0	2	10	8	4	8
-152.0	0.0	486.0	2	4	10	20	4
-142.0	-31.0	36.0	1	5	16
-78.0	-19.0	261.0	1	20	3
-78.0	-18.0	135.0	1	9	6
-78.0	-17.0	135.0	2	7	8	6	8
-80.0	-14.0	373.0	3	10	7	18	3	17	3
-118.0	22.0	535.0	3	8	14	10	6	24	3
-107.0	30.0	42.0	3	13	5	26	4	31	2
-85.0	14.0	9.0	3	4	11	13	7	12	7
-78.0	15.0	110.0	3	13	7	11	5	31	3
-15.0	16.0	36.0	1	9	4
-62.0	32.0	18.0	3	4	11	10	6	14	4
-120.0	-20.0	726.0	1	14	6
-90.0	-22.0	187.0	2	5	8	16	4
-79.0	-19.0	23.0	2	14	5	30	2
-79.0	-18.5	134.0	1	10	5
-79.0	-18.0	47.0	2	7	15	10	5
-78.0	-17.5	51.0	1	10	6
-79.0	-17.0	43.0	1	9	7
-80.0	-17.0	79.0	3	6	11	8	9	24	2
-80.0	-16.0	112.0	1	17	3
-80.0	-15.0	91.0	1	6	9
-48.0	37.0	232.0	1	8	7
-85.0	15.0	483.0	1	8	5
-62.0	-9.0	828.0	2	5	10	15	6
-15.0	-4.0	11.0	1	14	4
-1.0	3.2	12.0	2	4	16	13	8