# x   |  y    | demand	| numItems | l - w (for each item)
35.0	35.0	0.0	0
41.0	49.0	10.0	3	5	5	8	2	8	2
35.0	17.0	7.0	2	9	4	12	3
55.0	45.0	13.0	5	5	11	7	6	5	5	17	2	7	2
55.0	20.0	19.0	3	9	6	7	5	4	3
15.0	30.0	26.0	5	6	6	12	5	8	5	7	5	6	4
25.0	30.0	3.0	1	9	5
20.0	50.0	5.0	3	5	11	5	5	11	4
10.0	43.0	9.0	5	6	9	5	7	7	4	11	3	6	3
55.0	60.0	16.0	4	5	10	7	9	12	6	5	4
30.0	60.0	16.0	2	7	6	12	3
20.0	65.0	12.0	5	5	8	9	6	12	5	16	3	7	2
50.0	35.0	19.0	4	8	11	6	6	23	3	6	2
30.0	25.0	23.0	4	6	6	21	3	7	3	6	3
15.0	10.0	20.0	3	12	5	23	4	16	3
30.0	5.0	8.0	2	5	12	21	2
10.0	20.0	19.0	1	8	3
5.0	30.0	2.0	2	4	3	4	2
20.0	40.0	12.0	1	19	3
15.0	60.0	17.0	4	21	4	5	4	22	3	4	3
45.0	65.0	9.0	4	4	10	7	4	17	2	7	2
45.0	20.0	11.0	3	7	9	5	4	6	3
45.0	10.0	18.0	4	4	12	7	6	13	3	6	2
55.0	5.0	29.0	1	18	4
65.0	35.0	3.0	2	6	8	15	3
65.0	20.0	6.0	2	6	9	7	7
45.0	30.0	17.0	3	5	4	9	3	5	2
35.0	40.0	16.0	5	6	9	17	4	6	3	12	2	7	2
41.0	37.0	16.0	3	7	6	9	5	7	4
64.0	42.0	9.0	2	7	4	7	2
40.0	60.0	21.0	5	4	12	5	5	12	4	23	3	12	3
31.0	52.0	27.0	1	10	3
35.0	69.0	23.0	3	4	9	11	6	14	2
53.0	52.0	11.0	4	4	8	6	6	6	4	11	2
65.0	55.0	14.0	1	22	3
63.0	65.0	8.0	3	8	4	8	2	4	2
2.0	60.0	5.0	4	7	10	4	6	5	5	8	3
20.0	20.0	8.0	5	8	12	4	10	5	9	9	5	24	3
5.0	5.0	16.0	5	6	5	6	4	18	3	6	3	5	3
60.0	12.0	31.0	3	23	3	22	3	10	2
40.0	25.0	9.0	5	11	5	9	5	21	4	6	4	4	3
42.0	7.0	5.0	1	4	6
24.0	12.0	5.0	1	12	3
23.0	3.0	7.0	1	18	3
11.0	14.0	18.0	1	7	3
6.0	38.0	16.0	3	6	5	7	4	7	3
2.0	48.0	1.0	5	7	7	12	5	13	3	6	3	9	2
8.0	56.0	27.0	2	8	3	7	3
13.0	52.0	36.0	2	4	5	21	3
6.0	68.0	30.0	3	5	8	22	4	6	3
47.0	47.0	13.0	2	6	7	15	3
49.0	58.0	10.0	2	7	4	17	2
27.0	43.0	9.0	3	5	8	10	4	5	4
37.0	31.0	14.0	3	8	11	6	7	4	4
57.0	29.0	18.0	2	10	4	5	4
63.0	23.0	2.0	4	7	12	9	4	6	4	10	2
53.0	12.0	6.0	5	6	9	9	3	12	2	11	2	10	2
32.0	12.0	7.0	3	11	4	5	4	23	3
36.0	26.0	18.0	4	5	12	6	4	10	3	24	2
21.0	24.0	28.0	5	4	9	7	7	11	4	4	4	8	3
17.0	34.0	3.0	2	12	5	9	3
12.0	24.0	13.0	1	15	2
24.0	58.0	19.0	4	6	8	10	3	10	3	8	2
27.0	69.0	10.0	3	11	5	8	5	7	3
15.0	77.0	9.0	4	5	5	5	5	7	4	18	2
62.0	77.0	20.0	2	5	4	22	3
49.0	73.0	25.0	5	7	6	10	4	8	4	10	3	7	2
67.0	5.0	25.0	4	7	12	11	6	8	6	7	3
56.0	39.0	36.0	3	11	4	8	4	20	3
37.0	47.0	6.0	1	13	3
37.0	56.0	5.0	3	9	5	13	4	8	3
57.0	68.0	15.0	5	4	11	10	5	9	4	22	3	15	2
47.0	16.0	25.0	1	6	8
44.0	17.0	9.0	3	5	10	4	3	19	2
46.0	13.0	8.0	2	6	10	9	2
49.0	11.0	18.0	3	7	5	4	3	5	2
49.0	42.0	13.0	1	6	5
53.0	43.0	14.0	1	6	8
61.0	52.0	3.0	4	6	12	8	9	10	4	9	3
57.0	48.0	23.0	4	6	11	5	6	21	3	6	3
56.0	37.0	6.0	3	7	5	7	3	6	3
55.0	54.0	26.0	5	4	11	7	8	7	7	7	3	7	3
15.0	47.0	16.0	1	11	3
14.0	37.0	11.0	3	7	11	7	8	14	3
11.0	31.0	7.0	5	6	7	9	6	7	5	23	3	9	2
16.0	22.0	41.0	5	6	4	5	4	23	3	7	3	6	3
4.0	18.0	35.0	3	5	9	6	6	21	3
28.0	18.0	26.0	1	20	4
26.0	52.0	9.0	1	4	9
26.0	35.0	15.0	5	6	11	5	5	7	4	11	3	4	3
31.0	67.0	3.0	4	7	5	5	5	14	3	7	2
15.0	19.0	1.0	1	19	3
22.0	22.0	2.0	2	7	10	6	8
18.0	24.0	22.0	5	4	10	6	7	5	6	7	5	5	4
26.0	27.0	27.0	1	9	3
25.0	24.0	20.0	1	5	3
22.0	27.0	11.0	5	22	4	11	4	19	3	9	3	6	2
25.0	21.0	12.0	3	7	12	8	7	7	4
19.0	21.0	10.0	5	8	8	8	5	7	5	15	4	5	2
20.0	26.0	9.0	4	7	4	23	3	12	3	9	3
18.0	18.0	17.0	3	8	9	8	7	5	2
37.0	52.0	7.0	5	8	9	4	9	18	4	14	2	10	2
49.0	49.0	30.0	3	7	11	10	5	6	2
52.0	64.0	16.0	3	7	12	11	4	8	4
20.0	26.0	9.0	1	7	12
40.0	30.0	21.0	2	6	8	5	3
21.0	47.0	15.0	1	10	2
17.0	63.0	19.0	5	8	5	8	4	5	4	15	3	14	3
31.0	62.0	23.0	3	5	8	15	4	14	3
52.0	33.0	11.0	3	5	4	19	3	9	3
51.0	21.0	5.0	2	7	9	10	3
42.0	41.0	19.0	4	7	4	8	3	7	3	11	2
31.0	32.0	29.0	3	8	5	21	4	11	4
5.0	25.0	23.0	5	5	12	22	3	6	3	20	2	12	2
12.0	42.0	21.0	1	8	4
36.0	16.0	10.0	2	4	11	20	3
52.0	41.0	15.0	5	8	10	5	4	24	3	21	3	5	3
27.0	23.0	3.0	4	7	6	5	5	9	4	5	3
17.0	33.0	41.0	2	6	5	5	2
13.0	13.0	9.0	4	5	10	10	4	17	3	14	3
57.0	58.0	28.0	2	7	7	12	3
62.0	42.0	8.0	2	17	3	10	3
42.0	57.0	8.0	4	9	4	14	3	9	3	11	2
16.0	57.0	16.0	5	5	11	8	10	13	3	9	2	9	2
8.0	52.0	10.0	3	4	8	5	4	8	2
7.0	38.0	28.0	4	5	8	5	7	7	4	10	2
27.0	68.0	7.0	2	6	11	4	3
30.0	48.0	15.0	3	11	4	14	3	14	2
43.0	67.0	14.0	3	11	4	7	3	5	3
58.0	48.0	6.0	5	5	7	13	3	11	3	10	3	10	2
58.0	27.0	19.0	2	7	10	9	5
37.0	69.0	11.0	1	9	3
38.0	46.0	12.0	3	5	7	7	6	24	2
46.0	10.0	23.0	2	7	4	5	2
61.0	33.0	26.0	2	4	8	9	4
62.0	63.0	17.0	4	7	6	12	4	11	4	5	4
63.0	69.0	6.0	3	11	6	5	5	16	3
32.0	22.0	9.0	1	22	3
45.0	35.0	15.0	2	8	5	8	3
59.0	15.0	14.0	4	10	5	11	3	18	2	12	2
5.0	6.0	7.0	1	5	3
10.0	17.0	27.0	4	7	10	10	4	7	4	8	3
21.0	10.0	13.0	5	6	10	6	5	16	4	7	4	4	3
5.0	64.0	11.0	2	17	4	4	4
30.0	15.0	16.0	3	9	6	11	4	13	2
39.0	10.0	10.0	2	6	7	8	2
32.0	39.0	5.0	2	7	5	20	2
25.0	32.0	25.0	3	6	9	6	8	9	4
25.0	55.0	17.0	2	5	5	23	3
48.0	28.0	18.0	3	6	5	24	2	13	2
56.0	37.0	10.0	4	4	12	6	10	7	7	12	2
22.0	22.0	18.0	2	11	4	5	2
36.0	26.0	26.0	5	6	9	9	5	9	5	6	5	8	2
21.0	45.0	11.0	5	8	5	10	4	9	3	8	3	7	3
45.0	35.0	30.0	3	6	6	9	4	6	3
55.0	20.0	21.0	2	5	6	11	4
33.0	34.0	19.0	2	4	11	22	2
50.0	50.0	15.0	2	12	4	16	2
55.0	45.0	16.0	1	6	4
26.0	59.0	29.0	3	21	4	9	3	4	3
40.0	66.0	26.0	5	8	7	8	5	6	4	10	3	7	3
55.0	65.0	37.0	1	9	3
35.0	51.0	16.0	3	5	9	7	6	6	6
62.0	35.0	12.0	5	8	4	24	3	19	3	11	3	8	2
62.0	57.0	31.0	3	5	11	7	10	7	10
62.0	24.0	8.0	4	6	5	7	4	22	3	6	2
21.0	36.0	19.0	5	7	11	5	10	21	3	19	3	5	3
33.0	44.0	20.0	2	7	5	5	5
9.0	56.0	13.0	3	7	10	6	6	16	2
62.0	48.0	15.0	4	5	11	10	3	5	3	21	2
66.0	14.0	22.0	5	24	3	6	3	18	2	12	2	4	2
44.0	13.0	28.0	2	9	3	8	3
26.0	13.0	12.0	3	6	9	5	6	11	2
11.0	28.0	6.0	5	6	12	6	11	5	8	5	6	5	5
7.0	43.0	27.0	5	12	5	7	4	8	3	5	3	8	2
17.0	64.0	14.0	1	11	4
41.0	46.0	18.0	2	6	4	6	3
55.0	34.0	17.0	4	7	9	4	4	18	3	4	2
35.0	16.0	29.0	2	6	5	24	2
52.0	26.0	13.0	2	6	11	9	3
43.0	26.0	22.0	2	9	4	7	3
31.0	76.0	25.0	5	12	5	13	4	4	4	20	3	9	2
22.0	53.0	28.0	3	4	6	8	5	13	2
26.0	29.0	27.0	1	4	11
50.0	40.0	19.0	5	8	10	6	9	4	3	12	2	8	2
55.0	50.0	10.0	2	18	3	9	2
54.0	10.0	12.0	4	6	5	9	4	13	3	5	3
60.0	15.0	14.0	4	5	12	8	9	5	8	10	5
47.0	66.0	24.0	4	10	5	8	5	6	4	8	3
30.0	60.0	16.0	4	10	5	7	5	8	4	12	2
30.0	50.0	33.0	5	7	12	7	10	7	4	22	3	22	2
12.0	17.0	15.0	2	5	10	4	2
15.0	14.0	11.0	4	5	10	5	7	18	4	12	3
16.0	19.0	18.0	4	5	8	12	3	6	3	18	2
21.0	48.0	17.0	5	7	6	6	6	19	3	15	3	13	2
50.0	30.0	21.0	4	4	10	5	6	10	5	8	3
51.0	42.0	27.0	1	4	5
50.0	15.0	19.0	1	7	4
48.0	21.0	20.0	2	4	11	5	6
12.0	38.0	5.0	2	10	5	21	4