# x   |  y    | demand	| numItems | l - w (for each item)
35.0	35.0	0.0	0
41.0	49.0	10.0	2	7	12	5	7
35.0	17.0	7.0	3	7	14	8	13	15	6
55.0	45.0	13.0	2	11	5	30	3
55.0	20.0	19.0	2	5	7	18	3
15.0	30.0	26.0	2	14	7	15	6
25.0	30.0	3.0	1	5	9
20.0	50.0	5.0	2	6	9	15	4
10.0	43.0	9.0	1	18	4
55.0	60.0	16.0	1	4	13
30.0	60.0	16.0	3	14	5	31	4	22	3
20.0	65.0	12.0	3	6	11	12	5	14	4
50.0	35.0	19.0	2	6	8	6	8
30.0	25.0	23.0	3	31	3	28	3	19	2
15.0	10.0	20.0	3	7	10	7	10	14	5
30.0	5.0	8.0	3	31	4	20	2	18	2
10.0	20.0	19.0	3	8	6	17	2	13	2
5.0	30.0	2.0	1	7	12
20.0	40.0	12.0	1	6	7
15.0	60.0	17.0	3	6	9	6	7	12	5
45.0	65.0	9.0	3	4	7	6	6	22	4
45.0	20.0	11.0	3	5	11	6	8	21	3
45.0	10.0	18.0	1	25	3
55.0	5.0	29.0	1	8	8
65.0	35.0	3.0	3	16	8	7	8	12	5
65.0	20.0	6.0	2	18	3	28	2
45.0	30.0	17.0	3	15	5	9	4	19	3
35.0	40.0	16.0	3	7	10	15	6	15	3
41.0	37.0	16.0	1	31	2
64.0	42.0	9.0	1	16	4
40.0	60.0	21.0	1	21	2
31.0	52.0	27.0	1	13	5
35.0	69.0	23.0	2	13	5	28	2
53.0	52.0	11.0	2	5	12	5	12
65.0	55.0	14.0	1	17	3
63.0	65.0	8.0	3	5	12	7	7	23	4
2.0	60.0	5.0	3	12	8	16	5	13	5
20.0	20.0	8.0	1	30	3
5.0	5.0	16.0	2	7	9	6	9
60.0	12.0	31.0	1	16	3
40.0	25.0	9.0	3	6	13	7	9	14	4
42.0	7.0	5.0	3	6	12	9	8	5	8
24.0	12.0	5.0	3	5	15	7	14	14	6
23.0	3.0	7.0	3	16	8	14	4	18	2
11.0	14.0	18.0	3	5	7	29	3	24	2
6.0	38.0	16.0	3	4	9	13	5	23	3
2.0	48.0	1.0	1	7	12
8.0	56.0	27.0	1	4	14
13.0	52.0	36.0	1	4	9
6.0	68.0	30.0	3	7	10	7	9	9	5
47.0	47.0	13.0	1	7	11
49.0	58.0	10.0	2	12	5	19	2
27.0	43.0	9.0	3	12	8	4	8	12	6
37.0	31.0	14.0	1	5	12
57.0	29.0	18.0	3	13	4	12	4	13	3
63.0	23.0	2.0	2	22	4	19	3
53.0	12.0	6.0	3	6	11	9	8	17	3
32.0	12.0	7.0	2	8	15	12	8
36.0	26.0	18.0	1	29	2
21.0	24.0	28.0	3	6	15	5	15	4	12
17.0	34.0	3.0	2	21	3	24	2
12.0	24.0	13.0	3	5	13	12	7	12	5
24.0	58.0	19.0	3	7	13	22	4	12	4
27.0	69.0	10.0	1	9	8
15.0	77.0	9.0	2	5	12	13	5
62.0	77.0	20.0	1	11	4
49.0	73.0	25.0	3	5	14	4	13	20	2
67.0	5.0	25.0	2	7	8	20	3
56.0	39.0	36.0	3	5	15	8	6	19	4
37.0	47.0	6.0	1	24	2
37.0	56.0	5.0	3	8	12	12	5	32	4
57.0	68.0	15.0	3	6	9	11	6	15	5
47.0	16.0	25.0	1	8	7
44.0	17.0	9.0	1	19	3
46.0	13.0	8.0	2	5	13	21	3
49.0	11.0	18.0	1	11	8
49.0	42.0	13.0	3	5	14	15	5	18	4
53.0	43.0	14.0	1	30	2
61.0	52.0	3.0	1	11	4
57.0	48.0	23.0	1	7	9
56.0	37.0	6.0	2	6	16	9	8
55.0	54.0	26.0	1	5	8
15.0	47.0	16.0	2	15	7	8	4
14.0	37.0	11.0	2	16	7	5	7
11.0	31.0	7.0	2	11	5	31	3
16.0	22.0	41.0	1	12	5
4.0	18.0	35.0	1	5	9
28.0	18.0	26.0	2	7	8	10	6
26.0	52.0	9.0	1	10	5
26.0	35.0	15.0	1	16	2
31.0	67.0	3.0	3	6	11	15	8	13	5
15.0	19.0	1.0	2	7	14	14	7
22.0	22.0	2.0	2	9	6	16	4
18.0	24.0	22.0	1	16	8
26.0	27.0	27.0	2	5	16	10	5
25.0	24.0	20.0	1	15	6
22.0	27.0	11.0	3	6	13	16	5	18	3
25.0	21.0	12.0	3	10	6	28	4	15	4
19.0	21.0	10.0	2	9	4	15	3
20.0	26.0	9.0	2	8	10	9	7
18.0	18.0	17.0	3	6	8	11	6	20	2
37.0	52.0	7.0	3	5	16	9	7	8	7
49.0	49.0	30.0	3	8	7	12	4	30	2
52.0	64.0	16.0	3	5	9	14	7	15	5
20.0	26.0	9.0	1	17	2
40.0	30.0	21.0	3	5	13	5	8	14	2
21.0	47.0	15.0	3	7	7	13	4	24	3
17.0	63.0	19.0	2	5	10	14	5
31.0	62.0	23.0	2	15	8	14	6
52.0	33.0	11.0	2	13	8	15	7
51.0	21.0	5.0	2	23	3	24	2
42.0	41.0	19.0	2	13	3	14	2
31.0	32.0	29.0	1	22	3
5.0	25.0	23.0	3	4	10	6	9	14	3
12.0	42.0	21.0	1	12	2
36.0	16.0	10.0	1	6	8
52.0	41.0	15.0	2	12	5	19	2
27.0	23.0	3.0	2	7	10	12	8
17.0	33.0	41.0	3	5	12	9	7	17	3
13.0	13.0	9.0	2	14	6	16	3
57.0	58.0	28.0	2	8	9	29	3
62.0	42.0	8.0	1	4	7
42.0	57.0	8.0	3	7	8	5	7	28	4
16.0	57.0	16.0	1	15	7
8.0	52.0	10.0	2	6	10	14	4
7.0	38.0	28.0	3	13	6	10	5	25	3
27.0	68.0	7.0	3	11	6	8	6	6	6
30.0	48.0	15.0	2	30	3	18	3
43.0	67.0	14.0	1	7	11
58.0	48.0	6.0	3	16	5	21	3	21	3
58.0	27.0	19.0	1	10	5
37.0	69.0	11.0	2	11	5	9	5
38.0	46.0	12.0	3	5	15	4	9	7	8
46.0	10.0	23.0	2	7	14	13	6
61.0	33.0	26.0	3	16	5	29	3	25	2
62.0	63.0	17.0	1	8	7
63.0	69.0	6.0	1	6	6
32.0	22.0	9.0	3	7	7	26	3	18	3
45.0	35.0	15.0	2	4	9	12	3
59.0	15.0	14.0	2	11	7	8	7
5.0	6.0	7.0	3	6	14	14	4	28	2
10.0	17.0	27.0	2	4	15	17	2
21.0	10.0	13.0	2	7	8	31	3
5.0	64.0	11.0	2	6	14	12	8
30.0	15.0	16.0	3	5	12	10	5	20	3
39.0	10.0	10.0	2	6	9	22	3
32.0	39.0	5.0	2	6	15	17	2
25.0	32.0	25.0	1	23	3
25.0	55.0	17.0	3	7	14	4	8	13	3
48.0	28.0	18.0	2	14	8	17	2
56.0	37.0	10.0	1	9	5
22.0	22.0	18.0	2	5	8	19	4
36.0	26.0	26.0	3	12	7	13	6	31	3
21.0	45.0	11.0	3	7	9	10	5	30	3
45.0	35.0	30.0	1	5	13
55.0	20.0	21.0	1	28	3
33.0	34.0	19.0	1	32	3
50.0	50.0	15.0	2	4	7	15	5
55.0	45.0	16.0	3	16	7	17	4	22	3
26.0	59.0	29.0	1	14	4
40.0	66.0	26.0	3	21	4	14	4	20	3
55.0	65.0	37.0	1	12	5
35.0	51.0	16.0	1	18	3
62.0	35.0	12.0	1	7	10
62.0	57.0	31.0	3	7	11	14	8	12	7
62.0	24.0	8.0	3	6	12	26	3	14	3
21.0	36.0	19.0	3	11	6	13	5	12	5
33.0	44.0	20.0	2	7	12	24	3
9.0	56.0	13.0	1	13	5
62.0	48.0	15.0	2	27	3	23	3
66.0	14.0	22.0	2	7	16	6	11
44.0	13.0	28.0	1	15	4
26.0	13.0	12.0	3	6	13	8	5	22	3
11.0	28.0	6.0	2	9	7	17	2
7.0	43.0	27.0	1	4	8
17.0	64.0	14.0	1	7	7
41.0	46.0	18.0	2	10	4	16	3
55.0	34.0	17.0	1	6	15
35.0	16.0	29.0	1	5	7
52.0	26.0	13.0	1	11	6
43.0	26.0	22.0	3	7	10	11	6	15	4
31.0	76.0	25.0	2	12	7	12	5
22.0	53.0	28.0	2	14	8	15	7
26.0	29.0	27.0	3	10	6	11	4	15	3
50.0	40.0	19.0	3	6	6	20	4	20	3
55.0	50.0	10.0	1	7	8
54.0	10.0	12.0	2	5	10	11	6
60.0	15.0	14.0	3	8	13	6	12	10	6
47.0	66.0	24.0	2	29	3	16	3
30.0	60.0	16.0	3	8	9	15	4	18	3
30.0	50.0	33.0	2	10	7	15	5
12.0	17.0	15.0	2	8	15	12	6
15.0	14.0	11.0	2	10	7	10	4
16.0	19.0	18.0	3	4	10	15	6	5	6
21.0	48.0	17.0	3	14	6	29	3	16	3
50.0	30.0	21.0	2	9	7	29	3
51.0	42.0	27.0	3	6	14	29	4	25	3
50.0	15.0	19.0	1	4	10
48.0	21.0	20.0	2	8	15	6	9
12.0	38.0	5.0	2	9	6	14	4