# x   |  y    | demand	| numItems | l - w (for each item)
35.0	35.0	0.0	0
41.0	49.0	10.0	2	7	18	5	10
35.0	17.0	7.0	2	19	6	23	3
55.0	45.0	13.0	1	7	13
55.0	20.0	19.0	2	18	8	18	3
15.0	30.0	26.0	1	20	4
25.0	30.0	3.0	1	14	6
20.0	50.0	5.0	2	16	3	24	2
10.0	43.0	9.0	2	18	8	9	6
55.0	60.0	16.0	2	29	4	33	3
30.0	60.0	16.0	2	16	4	28	3
20.0	65.0	12.0	2	16	6	20	3
50.0	35.0	19.0	2	7	18	14	5
30.0	25.0	23.0	1	7	16
15.0	10.0	20.0	1	21	4
30.0	5.0	8.0	1	6	10
10.0	20.0	19.0	2	8	14	6	9
5.0	30.0	2.0	2	5	10	34	3
20.0	40.0	12.0	1	9	9
15.0	60.0	17.0	2	17	10	21	3
45.0	65.0	9.0	2	8	14	33	3
45.0	20.0	11.0	1	16	10
45.0	10.0	18.0	2	5	17	31	4
55.0	5.0	29.0	2	7	12	19	4
65.0	35.0	3.0	2	5	13	17	2
65.0	20.0	6.0	1	14	8
45.0	30.0	17.0	1	21	3
35.0	40.0	16.0	1	30	3
41.0	37.0	16.0	1	35	2
64.0	42.0	9.0	2	16	7	16	7
40.0	60.0	21.0	2	13	4	29	3
31.0	52.0	27.0	1	14	4
35.0	69.0	23.0	1	26	3
53.0	52.0	11.0	2	5	13	19	5
65.0	55.0	14.0	1	5	17
63.0	65.0	8.0	2	16	7	34	2
2.0	60.0	5.0	2	13	6	24	3
20.0	20.0	8.0	2	20	8	10	6
5.0	5.0	16.0	2	5	16	5	15
60.0	12.0	31.0	1	16	8
40.0	25.0	9.0	1	6	9
42.0	7.0	5.0	1	8	9
24.0	12.0	5.0	2	23	4	19	3
23.0	3.0	7.0	1	8	6
11.0	14.0	18.0	1	9	9
6.0	38.0	16.0	1	8	9
2.0	48.0	1.0	2	12	7	20	2
8.0	56.0	27.0	1	15	9
13.0	52.0	36.0	1	4	12
6.0	68.0	30.0	1	11	7
47.0	47.0	13.0	1	19	2
49.0	58.0	10.0	2	4	9	8	5
27.0	43.0	9.0	1	13	8
37.0	31.0	14.0	1	14	5
57.0	29.0	18.0	2	6	16	7	10
63.0	23.0	2.0	2	15	6	20	2
53.0	12.0	6.0	2	19	10	13	5
32.0	12.0	7.0	2	19	6	21	3
36.0	26.0	18.0	1	16	7
21.0	24.0	28.0	2	7	8	13	6
17.0	34.0	3.0	1	16	4
12.0	24.0	13.0	1	16	5
24.0	58.0	19.0	1	28	2
27.0	69.0	10.0	1	5	15
15.0	77.0	9.0	1	28	3
62.0	77.0	20.0	2	6	17	13	7
49.0	73.0	25.0	1	12	5
67.0	5.0	25.0	2	13	7	20	4
56.0	39.0	36.0	1	8	8
37.0	47.0	6.0	1	10	8
37.0	56.0	5.0	1	24	3
57.0	68.0	15.0	1	17	4
47.0	16.0	25.0	2	11	9	35	3
44.0	17.0	9.0	1	14	9
46.0	13.0	8.0	2	6	17	23	3
49.0	11.0	18.0	2	8	17	19	2
49.0	42.0	13.0	1	5	9
53.0	43.0	14.0	2	7	17	21	4
61.0	52.0	3.0	2	6	13	28	3
57.0	48.0	23.0	1	20	3
56.0	37.0	6.0	2	5	13	15	9
55.0	54.0	26.0	1	18	4
15.0	47.0	16.0	1	24	3
14.0	37.0	11.0	2	17	9	25	4
11.0	31.0	7.0	2	7	17	19	7
16.0	22.0	41.0	1	7	9
4.0	18.0	35.0	1	8	13
28.0	18.0	26.0	2	18	4	16	3
26.0	52.0	9.0	2	7	13	25	3
26.0	35.0	15.0	2	8	8	17	2
31.0	67.0	3.0	2	33	3	30	3
15.0	19.0	1.0	1	18	6
22.0	22.0	2.0	2	4	18	15	6
18.0	24.0	22.0	1	16	10
26.0	27.0	27.0	1	6	10
25.0	24.0	20.0	2	5	8	12	6
22.0	27.0	11.0	2	5	12	5	10
25.0	21.0	12.0	1	18	10
19.0	21.0	10.0	2	7	9	19	8
20.0	26.0	9.0	1	8	10
18.0	18.0	17.0	1	7	14
37.0	52.0	7.0	1	12	8
49.0	49.0	30.0	2	5	13	20	9
52.0	64.0	16.0	2	30	3	19	2
20.0	26.0	9.0	2	12	6	19	4
40.0	30.0	21.0	2	6	17	23	2
21.0	47.0	15.0	2	7	11	19	9
17.0	63.0	19.0	2	5	12	7	9
31.0	62.0	23.0	2	8	17	7	13
52.0	33.0	11.0	2	13	8	18	2
51.0	21.0	5.0	1	8	7
42.0	41.0	19.0	1	24	3
31.0	32.0	29.0	1	8	14
5.0	25.0	23.0	2	6	16	9	5
12.0	42.0	21.0	1	15	8
36.0	16.0	10.0	2	11	6	19	2
52.0	41.0	15.0	2	5	10	15	9
27.0	23.0	3.0	2	9	8	8	5
17.0	33.0	41.0	1	12	7
13.0	13.0	9.0	2	14	7	18	2
57.0	58.0	28.0	2	27	3	25	3
62.0	42.0	8.0	2	9	10	11	9
42.0	57.0	8.0	2	12	8	25	3
16.0	57.0	16.0	2	11	4	8	4
8.0	52.0	10.0	1	25	4
7.0	38.0	28.0	2	15	8	25	2
27.0	68.0	7.0	2	18	9	24	3
30.0	48.0	15.0	2	6	13	9	4
43.0	67.0	14.0	1	32	3
58.0	48.0	6.0	1	8	10
58.0	27.0	19.0	1	6	16
37.0	69.0	11.0	2	19	6	27	3
38.0	46.0	12.0	2	7	13	14	9
46.0	10.0	23.0	1	5	10
61.0	33.0	26.0	2	14	5	20	4
62.0	63.0	17.0	1	15	7
63.0	69.0	6.0	1	6	9
32.0	22.0	9.0	1	28	4
45.0	35.0	15.0	1	7	17
59.0	15.0	14.0	2	6	10	16	4
5.0	6.0	7.0	1	22	3
10.0	17.0	27.0	2	8	11	7	11
21.0	10.0	13.0	1	24	4
5.0	64.0	11.0	2	5	15	13	4
30.0	15.0	16.0	2	6	13	19	7
39.0	10.0	10.0	2	8	17	18	10
32.0	39.0	5.0	2	4	12	12	5
25.0	32.0	25.0	2	18	9	25	3
25.0	55.0	17.0	1	6	9
48.0	28.0	18.0	1	10	5
56.0	37.0	10.0	1	5	14
22.0	22.0	18.0	2	4	9	19	7
36.0	26.0	26.0	1	7	12
21.0	45.0	11.0	2	8	17	8	4
45.0	35.0	30.0	1	5	9
55.0	20.0	21.0	2	7	10	19	5
33.0	34.0	19.0	2	19	4	18	4
50.0	50.0	15.0	2	5	11	20	7
55.0	45.0	16.0	1	30	2
26.0	59.0	29.0	1	30	3
40.0	66.0	26.0	2	17	6	8	5
55.0	65.0	37.0	1	5	9
35.0	51.0	16.0	1	26	3
62.0	35.0	12.0	2	6	16	22	3
62.0	57.0	31.0	1	19	3
62.0	24.0	8.0	2	4	15	6	11
21.0	36.0	19.0	2	14	8	33	2
33.0	44.0	20.0	2	8	13	32	3
9.0	56.0	13.0	2	9	6	9	6
62.0	48.0	15.0	2	24	4	20	4
66.0	14.0	22.0	1	29	3
44.0	13.0	28.0	1	29	2
26.0	13.0	12.0	1	24	3
11.0	28.0	6.0	2	6	9	16	3
7.0	43.0	27.0	1	13	10
17.0	64.0	14.0	2	6	14	20	2
41.0	46.0	18.0	2	11	9	5	8
55.0	34.0	17.0	2	11	6	21	4
35.0	16.0	29.0	2	5	15	12	10
52.0	26.0	13.0	1	7	13
43.0	26.0	22.0	1	20	9
31.0	76.0	25.0	2	13	6	10	6
22.0	53.0	28.0	2	5	12	11	9
26.0	29.0	27.0	1	14	8
50.0	40.0	19.0	1	18	2
55.0	50.0	10.0	2	5	17	12	7
54.0	10.0	12.0	1	22	3
60.0	15.0	14.0	2	17	9	21	4
47.0	66.0	24.0	2	6	14	6	12
30.0	60.0	16.0	1	6	10
30.0	50.0	33.0	2	7	10	31	4
12.0	17.0	15.0	2	14	7	17	5
15.0	14.0	11.0	2	28	4	28	3
16.0	19.0	18.0	2	6	9	22	3
21.0	48.0	17.0	1	6	11
50.0	30.0	21.0	1	18	6
51.0	42.0	27.0	1	6	15
50.0	15.0	19.0	2	4	15	5	10
48.0	21.0	20.0	2	7	13	20	4
12.0	38.0	5.0	2	13	7	21	3