# x   |  y    | demand	| numItems | l - w (for each item)
35.0	35.0	0.0	0
22.0	22.0	18.0	2	6	13	8	11
36.0	26.0	26.0	2	8	6	22	3
21.0	45.0	11.0	2	7	13	5	10
45.0	35.0	30.0	1	7	17
55.0	20.0	21.0	2	11	6	14	5
33.0	34.0	19.0	2	5	9	13	8
50.0	50.0	15.0	2	18	8	12	8
55.0	45.0	16.0	1	33	3
26.0	59.0	29.0	1	12	10
40.0	66.0	26.0	1	15	4
55.0	65.0	37.0	2	4	13	5	8
35.0	51.0	16.0	1	15	9
62.0	35.0	12.0	1	9	10
62.0	57.0	31.0	1	9	8
62.0	24.0	8.0	1	11	6
21.0	36.0	19.0	2	14	9	20	2
33.0	44.0	20.0	1	31	3
9.0	56.0	13.0	2	6	15	11	8
62.0	48.0	15.0	2	11	7	30	3
66.0	14.0	22.0	2	8	14	29	3
44.0	13.0	28.0	2	15	8	11	8
26.0	13.0	12.0	2	7	16	10	7
11.0	28.0	6.0	2	7	14	15	4
7.0	43.0	27.0	1	4	13
17.0	64.0	14.0	1	28	3
41.0	46.0	18.0	1	16	3
55.0	34.0	17.0	1	14	9
35.0	16.0	29.0	1	7	12
52.0	26.0	13.0	2	6	14	12	5
43.0	26.0	22.0	1	25	3
31.0	76.0	25.0	2	4	15	17	5
22.0	53.0	28.0	1	19	6
26.0	29.0	27.0	2	6	16	17	4
50.0	40.0	19.0	2	6	9	33	3
55.0	50.0	10.0	2	7	17	15	8
54.0	10.0	12.0	1	23	3
60.0	15.0	14.0	2	5	16	8	15
47.0	66.0	24.0	1	8	10
30.0	60.0	16.0	1	11	5
30.0	50.0	33.0	2	5	14	15	8
12.0	17.0	15.0	2	11	4	33	3
15.0	14.0	11.0	1	32	3
16.0	19.0	18.0	1	7	17
21.0	48.0	17.0	2	11	9	9	8
50.0	30.0	21.0	2	5	17	32	2
51.0	42.0	27.0	1	4	18
50.0	15.0	19.0	1	8	14
48.0	21.0	20.0	1	8	7
12.0	38.0	5.0	2	17	6	18	5
37.0	52.0	7.0	1	30	3
49.0	49.0	30.0	2	15	4	25	2
52.0	64.0	16.0	1	19	6
20.0	26.0	9.0	1	23	4
40.0	30.0	21.0	2	23	4	25	3
21.0	47.0	15.0	2	7	13	4	11
17.0	63.0	19.0	2	7	9	15	6
31.0	62.0	23.0	2	34	4	21	4
52.0	33.0	11.0	2	6	15	29	4
51.0	21.0	5.0	1	6	13
42.0	41.0	19.0	1	5	13
31.0	32.0	29.0	1	26	3
5.0	25.0	23.0	2	4	14	9	7
12.0	42.0	21.0	2	5	14	18	5
36.0	16.0	10.0	2	8	12	8	10
52.0	41.0	15.0	2	21	4	23	2
27.0	23.0	3.0	1	29	3
17.0	33.0	41.0	1	32	2
13.0	13.0	9.0	1	32	4
57.0	58.0	28.0	2	13	9	18	8
62.0	42.0	8.0	1	31	3
42.0	57.0	8.0	1	13	8
16.0	57.0	16.0	1	25	3
8.0	52.0	10.0	2	10	7	16	6
7.0	38.0	28.0	2	12	4	18	3
27.0	68.0	7.0	1	21	3
30.0	48.0	15.0	2	6	11	12	5
43.0	67.0	14.0	2	5	15	7	14
58.0	48.0	6.0	2	7	17	4	13
58.0	27.0	19.0	1	12	6
37.0	69.0	11.0	2	5	12	14	7
38.0	46.0	12.0	1	34	2
46.0	10.0	23.0	1	19	5
61.0	33.0	26.0	2	7	13	31	3
62.0	63.0	17.0	1	8	14
63.0	69.0	6.0	1	17	6
32.0	22.0	9.0	1	19	4
45.0	35.0	15.0	1	19	7
59.0	15.0	14.0	1	6	9
5.0	6.0	7.0	2	23	3	16	3
10.0	17.0	27.0	1	9	5
21.0	10.0	13.0	1	8	15
5.0	64.0	11.0	1	18	3
30.0	15.0	16.0	2	14	5	21	4
39.0	10.0	10.0	1	22	2
32.0	39.0	5.0	1	8	5
25.0	32.0	25.0	1	5	10
25.0	55.0	17.0	1	4	15
48.0	28.0	18.0	1	16	4
56.0	37.0	10.0	2	10	9	18	5
41.0	49.0	10.0	2	9	10	5	9
35.0	17.0	7.0	1	4	16
55.0	45.0	13.0	1	7	10
55.0	20.0	19.0	2	12	6	8	6
15.0	30.0	26.0	1	25	4
25.0	30.0	3.0	2	7	10	22	2
20.0	50.0	5.0	1	8	13
10.0	43.0	9.0	2	14	7	18	4
55.0	60.0	16.0	2	7	16	18	9
30.0	60.0	16.0	1	6	10
20.0	65.0	12.0	1	7	12
50.0	35.0	19.0	1	36	3
30.0	25.0	23.0	2	29	3	20	3
15.0	10.0	20.0	2	8	11	11	5
30.0	5.0	8.0	1	34	4
10.0	20.0	19.0	1	29	2
5.0	30.0	2.0	2	5	15	24	3
20.0	40.0	12.0	2	35	4	32	4
15.0	60.0	17.0	2	18	8	35	2
45.0	65.0	9.0	2	5	8	22	3
45.0	20.0	11.0	2	6	15	17	5
45.0	10.0	18.0	1	8	15
55.0	5.0	29.0	2	6	10	29	3
65.0	35.0	3.0	2	15	6	30	4
65.0	20.0	6.0	2	7	15	32	3
45.0	30.0	17.0	2	8	17	27	3
35.0	40.0	16.0	2	6	10	17	6
41.0	37.0	16.0	2	15	9	17	3
64.0	42.0	9.0	2	9	7	15	5
40.0	60.0	21.0	2	17	6	16	4
31.0	52.0	27.0	2	26	3	18	3
35.0	69.0	23.0	2	19	9	17	9
53.0	52.0	11.0	2	15	5	31	3
65.0	55.0	14.0	2	7	12	22	4
63.0	65.0	8.0	2	21	4	22	3
2.0	60.0	5.0	1	19	3
20.0	20.0	8.0	1	12	9
5.0	5.0	16.0	2	8	15	27	3
60.0	12.0	31.0	2	8	11	11	5
40.0	25.0	9.0	1	19	5
42.0	7.0	5.0	1	8	16
24.0	12.0	5.0	1	20	4
23.0	3.0	7.0	2	5	9	9	5
11.0	14.0	18.0	1	27	3
6.0	38.0	16.0	1	18	3
2.0	48.0	1.0	1	19	3
8.0	56.0	27.0	2	17	8	27	3
13.0	52.0	36.0	2	12	4	19	3
6.0	68.0	30.0	2	15	9	14	5
47.0	47.0	13.0	2	18	6	11	5
49.0	58.0	10.0	1	23	3
27.0	43.0	9.0	1	5	12
37.0	31.0	14.0	1	4	14
57.0	29.0	18.0	2	6	17	35	2
63.0	23.0	2.0	1	7	11
53.0	12.0	6.0	2	7	16	10	6
32.0	12.0	7.0	2	6	15	11	7
36.0	26.0	18.0	2	7	14	16	2
21.0	24.0	28.0	2	6	8	28	2
17.0	34.0	3.0	2	13	8	19	5
12.0	24.0	13.0	2	7	13	8	12
24.0	58.0	19.0	2	8	14	5	10
27.0	69.0	10.0	2	11	7	25	4
15.0	77.0	9.0	2	5	10	18	7
62.0	77.0	20.0	2	12	8	35	3
49.0	73.0	25.0	1	32	2
67.0	5.0	25.0	2	31	4	20	4
56.0	39.0	36.0	2	7	10	14	5
37.0	47.0	6.0	1	7	9
37.0	56.0	5.0	2	21	4	30	3
57.0	68.0	15.0	1	34	4
47.0	16.0	25.0	1	8	16
44.0	17.0	9.0	1	17	6
46.0	13.0	8.0	1	12	8
49.0	11.0	18.0	1	30	2
49.0	42.0	13.0	1	6	9
53.0	43.0	14.0	2	14	5	22	3
61.0	52.0	3.0	2	7	9	19	3
57.0	48.0	23.0	1	18	7
56.0	37.0	6.0	2	15	9	10	4
55.0	54.0	26.0	1	17	6
15.0	47.0	16.0	1	13	7
14.0	37.0	11.0	1	30	2
11.0	31.0	7.0	1	16	5
16.0	22.0	41.0	1	26	2
4.0	18.0	35.0	1	17	7
28.0	18.0	26.0	2	7	17	31	4
26.0	52.0	9.0	1	11	10
26.0	35.0	15.0	2	22	3	20	2
31.0	67.0	3.0	2	6	12	4	9
15.0	19.0	1.0	1	17	3
22.0	22.0	2.0	2	6	17	35	3
18.0	24.0	22.0	1	18	5
26.0	27.0	27.0	2	17	6	35	3
25.0	24.0	20.0	2	6	14	30	2
22.0	27.0	11.0	1	21	3
25.0	21.0	12.0	1	6	10
19.0	21.0	10.0	2	13	10	18	6
20.0	26.0	9.0	1	30	3
18.0	18.0	17.0	1	6	17