# x   |  y    | demand	| numItems | l - w (for each item)
35.0	35.0	0.0	0
41.0	49.0	10.0	2	7	4	26	3
35.0	17.0	7.0	4	4	13	9	6	31	3	6	2
55.0	45.0	13.0	2	7	6	7	5
55.0	20.0	19.0	3	6	8	7	5	19	3
15.0	30.0	26.0	4	15	7	30	3	30	3	29	3
25.0	30.0	3.0	4	5	14	7	7	26	4	13	4
20.0	50.0	5.0	1	6	6
10.0	43.0	9.0	3	5	5	18	4	10	3
55.0	60.0	16.0	2	10	8	8	6
30.0	60.0	16.0	1	14	2
20.0	65.0	12.0	2	7	9	7	4
50.0	35.0	19.0	1	9	5
30.0	25.0	23.0	1	23	3
15.0	10.0	20.0	2	10	6	15	2
30.0	5.0	8.0	4	14	4	6	3	6	3	27	2
10.0	20.0	19.0	4	6	8	6	5	16	4	30	2
5.0	30.0	2.0	3	8	6	7	4	23	3
20.0	40.0	12.0	1	22	4
15.0	60.0	17.0	4	4	14	10	6	29	3	29	2
45.0	65.0	9.0	2	24	4	30	3
45.0	20.0	11.0	1	6	13
45.0	10.0	18.0	2	28	3	20	3
55.0	5.0	29.0	4	9	8	16	3	25	2	4	2
65.0	35.0	3.0	2	8	7	24	3
65.0	20.0	6.0	4	6	9	7	5	16	4	10	4
45.0	30.0	17.0	4	5	9	13	5	5	5	28	3
35.0	40.0	16.0	1	6	9
41.0	37.0	16.0	4	7	10	6	9	5	7	16	2
64.0	42.0	9.0	2	5	14	10	6
40.0	60.0	21.0	2	6	13	28	3
31.0	52.0	27.0	4	9	5	14	4	26	3	25	2
35.0	69.0	23.0	4	5	12	5	5	20	3	18	2
53.0	52.0	11.0	1	4	7
65.0	55.0	14.0	3	7	7	4	3	16	2
63.0	65.0	8.0	2	6	6	22	2
2.0	60.0	5.0	4	31	3	24	3	20	3	24	2
20.0	20.0	8.0	4	8	8	7	8	4	6	31	2
5.0	5.0	16.0	2	5	6	15	2
60.0	12.0	31.0	2	11	7	23	4
40.0	25.0	9.0	1	28	4
42.0	7.0	5.0	1	20	3
24.0	12.0	5.0	4	7	12	7	6	14	5	20	3
23.0	3.0	7.0	2	8	10	4	7
11.0	14.0	18.0	2	7	9	5	7
6.0	38.0	16.0	4	8	10	11	5	31	4	15	4
2.0	48.0	1.0	4	13	6	5	6	5	6	17	2
8.0	56.0	27.0	2	8	7	25	3
13.0	52.0	36.0	1	9	7
6.0	68.0	30.0	3	7	11	13	7	8	6
47.0	47.0	13.0	4	7	13	5	11	7	9	7	6
49.0	58.0	10.0	2	6	12	13	6
27.0	43.0	9.0	3	5	7	9	3	5	3
37.0	31.0	14.0	2	7	11	31	2
57.0	29.0	18.0	1	13	6
63.0	23.0	2.0	2	12	4	5	3
53.0	12.0	6.0	3	24	4	23	3	30	2
32.0	12.0	7.0	3	4	11	6	6	5	2
36.0	26.0	18.0	3	8	7	28	3	15	3
21.0	24.0	28.0	2	6	6	24	4
17.0	34.0	3.0	4	4	8	31	3	12	3	19	2
12.0	24.0	13.0	4	4	8	5	5	9	4	27	2
24.0	58.0	19.0	4	15	8	7	7	5	7	22	2
27.0	69.0	10.0	2	13	6	21	2
15.0	77.0	9.0	2	7	5	23	3
62.0	77.0	20.0	4	12	8	15	7	7	7	8	5
49.0	73.0	25.0	2	7	12	4	11
67.0	5.0	25.0	3	5	9	24	4	19	3
56.0	39.0	36.0	3	7	12	9	5	30	3
37.0	47.0	6.0	2	5	4	21	2
37.0	56.0	5.0	4	7	9	5	5	5	4	15	3
57.0	68.0	15.0	2	7	7	5	7
47.0	16.0	25.0	2	5	11	5	10
44.0	17.0	9.0	2	8	9	7	8
46.0	13.0	8.0	4	7	5	27	3	11	3	20	2
49.0	11.0	18.0	1	31	3
49.0	42.0	13.0	2	6	5	27	3
53.0	43.0	14.0	1	17	3
61.0	52.0	3.0	4	7	12	5	8	20	4	17	2
57.0	48.0	23.0	4	5	12	5	6	25	3	30	2
56.0	37.0	6.0	2	10	7	24	3
55.0	54.0	26.0	2	11	6	24	4
15.0	47.0	16.0	2	5	9	15	3
14.0	37.0	11.0	2	7	6	15	3
11.0	31.0	7.0	2	9	6	27	3
16.0	22.0	41.0	2	31	4	19	3
4.0	18.0	35.0	4	6	6	7	5	6	5	19	3
28.0	18.0	26.0	2	24	4	21	3
26.0	52.0	9.0	3	7	12	5	6	5	4
26.0	35.0	15.0	3	7	9	10	8	6	4
31.0	67.0	3.0	4	13	8	7	6	12	5	23	3
15.0	19.0	1.0	2	7	12	7	5
22.0	22.0	2.0	2	5	9	5	4
18.0	24.0	22.0	1	8	13
26.0	27.0	27.0	2	4	12	8	6
25.0	24.0	20.0	3	8	8	6	7	13	2
22.0	27.0	11.0	4	7	11	7	7	15	4	17	3
25.0	21.0	12.0	2	7	14	6	5
19.0	21.0	10.0	2	7	7	7	7
20.0	26.0	9.0	2	6	5	14	4
18.0	18.0	17.0	3	13	5	14	3	15	2
37.0	52.0	7.0	4	6	12	7	9	8	8	9	2
49.0	49.0	30.0	3	7	5	14	4	11	4
52.0	64.0	16.0	2	4	7	6	6
20.0	26.0	9.0	2	6	12	10	4
40.0	30.0	21.0	3	10	5	21	3	16	3
21.0	47.0	15.0	4	5	12	7	10	5	8	19	4
17.0	63.0	19.0	2	5	9	11	6
31.0	62.0	23.0	4	7	8	24	4	24	4	20	4
52.0	33.0	11.0	3	20	3	28	2	23	2
51.0	21.0	5.0	2	11	6	6	6
42.0	41.0	19.0	2	7	10	6	4
31.0	32.0	29.0	1	30	3
5.0	25.0	23.0	1	6	7
12.0	42.0	21.0	3	7	7	9	6	24	3
36.0	16.0	10.0	3	5	13	8	7	19	2
52.0	41.0	15.0	3	4	4	14	3	26	2
27.0	23.0	3.0	4	8	10	5	6	4	6	30	2
17.0	33.0	41.0	1	15	4
13.0	13.0	9.0	3	5	8	5	7	12	2
57.0	58.0	28.0	1	7	8
62.0	42.0	8.0	1	6	5
42.0	57.0	8.0	1	5	12
16.0	57.0	16.0	2	6	8	6	2
8.0	52.0	10.0	3	24	3	15	3	12	3
7.0	38.0	28.0	1	7	6
27.0	68.0	7.0	4	7	14	6	8	31	3	6	2
30.0	48.0	15.0	1	7	5
43.0	67.0	14.0	4	8	12	6	11	7	7	21	3
58.0	48.0	6.0	1	5	7
58.0	27.0	19.0	2	7	13	5	4
37.0	69.0	11.0	4	6	14	12	7	7	7	29	3
38.0	46.0	12.0	1	12	7
46.0	10.0	23.0	1	13	4
61.0	33.0	26.0	3	7	7	5	6	13	2
62.0	63.0	17.0	4	5	9	4	4	17	2	15	2
63.0	69.0	6.0	1	10	5
32.0	22.0	9.0	2	13	4	24	3
45.0	35.0	15.0	4	5	11	28	4	21	4	18	3
59.0	15.0	14.0	3	8	11	7	6	21	3
5.0	6.0	7.0	3	4	5	24	4	23	2
10.0	17.0	27.0	1	5	5
21.0	10.0	13.0	1	27	3
5.0	64.0	11.0	1	31	3
30.0	15.0	16.0	3	5	13	13	8	25	3
39.0	10.0	10.0	4	5	7	9	6	9	3	14	2
32.0	39.0	5.0	1	10	7
25.0	32.0	25.0	4	6	10	6	5	15	4	16	2
25.0	55.0	17.0	2	7	7	11	5
48.0	28.0	18.0	1	8	7
56.0	37.0	10.0	4	5	8	6	7	5	5	29	2
22.0	22.0	18.0	4	7	6	4	6	7	5	22	2
36.0	26.0	26.0	2	7	12	13	2
21.0	45.0	11.0	2	8	8	7	3
45.0	35.0	30.0	4	6	9	4	7	23	4	20	3
55.0	20.0	21.0	3	7	14	6	7	22	3
33.0	34.0	19.0	3	6	7	12	4	6	4
50.0	50.0	15.0	2	23	3	18	3
55.0	45.0	16.0	3	5	11	11	7	6	6
26.0	59.0	29.0	2	6	11	5	8
40.0	66.0	26.0	2	31	4	24	3
55.0	65.0	37.0	2	5	11	28	3
35.0	51.0	16.0	2	11	4	18	3
62.0	35.0	12.0	2	18	2	8	2
62.0	57.0	31.0	1	25	3
62.0	24.0	8.0	2	7	8	5	4
21.0	36.0	19.0	1	7	7
33.0	44.0	20.0	1	5	4
9.0	56.0	13.0	2	19	3	8	2
62.0	48.0	15.0	3	5	7	32	3	15	2
66.0	14.0	22.0	3	5	12	5	10	7	3
44.0	13.0	28.0	4	7	8	15	5	10	3	16	2
26.0	13.0	12.0	2	20	2	7	2
11.0	28.0	6.0	4	7	7	7	5	26	3	22	3
7.0	43.0	27.0	4	5	13	7	12	14	2	4	2
17.0	64.0	14.0	2	4	13	15	3
41.0	46.0	18.0	3	5	6	17	4	15	3
55.0	34.0	17.0	4	8	8	4	7	8	4	8	4
35.0	16.0	29.0	2	4	4	17	3
52.0	26.0	13.0	4	7	9	6	8	4	6	15	4
43.0	26.0	22.0	2	15	7	6	7
31.0	76.0	25.0	2	6	13	29	3
22.0	53.0	28.0	2	4	12	11	3
26.0	29.0	27.0	3	8	5	30	4	19	3
50.0	40.0	19.0	4	5	7	12	5	7	4	21	2
55.0	50.0	10.0	1	17	2
54.0	10.0	12.0	3	6	7	11	4	10	2
60.0	15.0	14.0	4	7	13	8	10	4	6	25	4
47.0	66.0	24.0	1	10	3
30.0	60.0	16.0	2	5	12	11	4
30.0	50.0	33.0	4	6	7	13	5	31	4	17	3
12.0	17.0	15.0	1	5	8
15.0	14.0	11.0	1	12	5
16.0	19.0	18.0	2	4	5	18	3
21.0	48.0	17.0	1	30	3
50.0	30.0	21.0	4	4	12	11	5	6	5	10	3
51.0	42.0	27.0	3	4	5	5	4	13	3
50.0	15.0	19.0	2	15	4	10	3
48.0	21.0	20.0	1	10	3
12.0	38.0	5.0	2	4	6	12	2