# x   |  y    | demand	| numItems | l - w (for each item)
35.0	35.0	0.0	0
41.0	49.0	10.0	5	7	11	7	9	6	5	14	4	5	2
35.0	17.0	7.0	1	7	10
55.0	45.0	13.0	4	4	12	5	5	4	4	4	4
55.0	20.0	19.0	2	6	6	5	4
15.0	30.0	26.0	3	6	10	8	5	24	4
25.0	30.0	3.0	3	4	9	8	7	7	3
20.0	50.0	5.0	5	8	9	4	6	18	3	8	3	5	2
10.0	43.0	9.0	1	11	3
55.0	60.0	16.0	1	8	3
30.0	60.0	16.0	5	7	10	18	3	10	3	9	3	13	2
20.0	65.0	12.0	5	6	8	7	6	8	4	6	4	5	4
50.0	35.0	19.0	4	11	5	12	4	6	4	17	3
30.0	25.0	23.0	5	8	10	17	4	15	4	10	3	7	3
15.0	10.0	20.0	3	8	11	11	5	9	4
30.0	5.0	8.0	3	7	5	12	3	8	3
10.0	20.0	19.0	1	9	2
5.0	30.0	2.0	1	7	4
20.0	40.0	12.0	4	5	8	8	6	14	3	10	2
15.0	60.0	17.0	1	7	4
45.0	65.0	9.0	5	5	10	8	6	7	3	4	3	7	2
45.0	20.0	11.0	3	5	7	7	4	11	3
45.0	10.0	18.0	3	21	3	6	3	5	2
55.0	5.0	29.0	5	7	6	10	3	8	3	5	3	7	2
65.0	35.0	3.0	4	8	9	5	4	10	3	18	2
65.0	20.0	6.0	3	5	8	8	6	20	4
45.0	30.0	17.0	5	4	6	11	5	8	5	4	4	9	3
35.0	40.0	16.0	2	4	6	8	4
41.0	37.0	16.0	5	4	6	22	3	11	3	11	3	5	3
64.0	42.0	9.0	5	7	8	7	6	8	5	12	3	12	3
40.0	60.0	21.0	3	5	5	18	3	24	2
31.0	52.0	27.0	5	7	8	5	8	5	6	9	5	17	3
35.0	69.0	23.0	2	7	10	8	5
53.0	52.0	11.0	3	7	4	5	4	6	3
65.0	55.0	14.0	5	6	5	11	4	7	4	12	3	12	3
63.0	65.0	8.0	4	8	11	17	4	8	4	6	4
2.0	60.0	5.0	2	15	4	13	4
20.0	20.0	8.0	4	10	6	6	6	5	5	7	4
5.0	5.0	16.0	2	5	6	5	2
60.0	12.0	31.0	2	5	7	8	6
40.0	25.0	9.0	1	4	5
42.0	7.0	5.0	3	6	5	9	3	4	2
24.0	12.0	5.0	4	5	9	7	7	6	6	7	3
23.0	3.0	7.0	3	6	9	12	5	4	3
11.0	14.0	18.0	3	7	12	5	5	11	3
6.0	38.0	16.0	3	6	11	10	3	7	2
2.0	48.0	1.0	2	18	3	5	3
8.0	56.0	27.0	1	15	3
13.0	52.0	36.0	2	7	11	5	3
6.0	68.0	30.0	4	6	10	16	4	7	4	7	2
47.0	47.0	13.0	5	9	4	22	3	9	3	8	2	5	2
49.0	58.0	10.0	4	8	8	5	5	7	2	5	2
27.0	43.0	9.0	5	7	4	6	4	10	3	5	3	16	2
37.0	31.0	14.0	1	11	2
57.0	29.0	18.0	2	6	5	16	4
63.0	23.0	2.0	4	14	3	6	3	5	3	11	2
53.0	12.0	6.0	4	6	11	7	5	5	5	7	2
32.0	12.0	7.0	4	5	9	18	4	6	4	8	3
36.0	26.0	18.0	4	7	7	11	6	7	4	17	3
21.0	24.0	28.0	4	21	4	5	4	15	3	5	3
17.0	34.0	3.0	1	6	6
12.0	24.0	13.0	4	8	8	6	3	4	3	15	2
24.0	58.0	19.0	3	4	6	23	2	20	2
27.0	69.0	10.0	4	6	9	14	4	19	2	15	2
15.0	77.0	9.0	5	7	11	8	9	5	8	8	5	6	3
62.0	77.0	20.0	3	6	7	10	3	8	2
49.0	73.0	25.0	1	6	3
67.0	5.0	25.0	2	10	3	9	3
56.0	39.0	36.0	2	21	4	17	3
37.0	47.0	6.0	5	5	5	5	3	10	2	7	2	7	2
37.0	56.0	5.0	2	24	3	4	3
57.0	68.0	15.0	1	9	3
47.0	16.0	25.0	4	8	4	17	3	12	3	6	3
44.0	17.0	9.0	1	10	3
46.0	13.0	8.0	1	5	4
49.0	11.0	18.0	2	9	4	5	4
49.0	42.0	13.0	4	7	11	7	7	5	6	8	4
53.0	43.0	14.0	2	11	3	11	3
61.0	52.0	3.0	4	9	5	7	4	4	4	11	2
57.0	48.0	23.0	5	5	11	5	5	9	4	23	3	20	3
56.0	37.0	6.0	4	7	9	7	7	4	6	11	3
55.0	54.0	26.0	1	7	2
15.0	47.0	16.0	4	6	11	7	4	22	3	12	2
14.0	37.0	11.0	2	6	5	7	4
11.0	31.0	7.0	5	10	4	10	4	14	3	6	3	4	2
16.0	22.0	41.0	5	11	6	9	5	7	5	6	5	17	3
4.0	18.0	35.0	2	10	5	24	3
28.0	18.0	26.0	3	7	11	13	4	16	3
26.0	52.0	9.0	3	7	8	13	3	6	2
26.0	35.0	15.0	3	8	5	9	4	15	3
31.0	67.0	3.0	4	4	7	6	5	4	5	10	2
15.0	19.0	1.0	1	6	11
22.0	22.0	2.0	3	10	5	10	5	15	4
18.0	24.0	22.0	2	22	4	6	4
26.0	27.0	27.0	1	18	2
25.0	24.0	20.0	1	7	6
22.0	27.0	11.0	4	12	4	5	4	4	4	5	3
25.0	21.0	12.0	4	4	9	4	6	7	5	6	4
19.0	21.0	10.0	3	8	11	7	9	22	4
20.0	26.0	9.0	1	19	4
18.0	18.0	17.0	5	7	10	7	9	17	4	4	4	5	3
37.0	52.0	7.0	1	4	3
49.0	49.0	30.0	2	5	4	4	3
52.0	64.0	16.0	3	6	9	5	3	12	2
20.0	26.0	9.0	5	4	10	11	5	9	5	8	4	4	4
40.0	30.0	21.0	5	7	10	12	6	11	3	5	3	22	2
21.0	47.0	15.0	5	4	11	7	7	6	6	11	3	4	3
17.0	63.0	19.0	4	7	11	6	7	22	3	9	3
31.0	62.0	23.0	2	18	4	7	4
52.0	33.0	11.0	2	6	4	10	3
51.0	21.0	5.0	3	5	10	4	7	6	4
42.0	41.0	19.0	1	9	5
31.0	32.0	29.0	2	22	4	6	4
5.0	25.0	23.0	2	7	5	9	3
12.0	42.0	21.0	1	4	2
36.0	16.0	10.0	1	10	3
52.0	41.0	15.0	2	10	3	9	3
27.0	23.0	3.0	2	8	6	18	4
17.0	33.0	41.0	3	5	11	6	5	21	4
13.0	13.0	9.0	5	8	11	9	5	10	4	19	3	11	3
57.0	58.0	28.0	5	6	12	7	3	7	3	19	2	5	2
62.0	42.0	8.0	2	6	5	6	5
42.0	57.0	8.0	5	8	7	5	5	12	4	8	3	5	2
16.0	57.0	16.0	1	4	3
8.0	52.0	10.0	1	12	3
7.0	38.0	28.0	2	5	4	14	3
27.0	68.0	7.0	4	5	5	8	4	6	4	20	2
30.0	48.0	15.0	1	7	5
43.0	67.0	14.0	1	12	4
58.0	48.0	6.0	1	23	2
58.0	27.0	19.0	2	8	4	12	2
37.0	69.0	11.0	5	8	10	11	4	10	4	6	4	17	3
38.0	46.0	12.0	5	8	6	4	6	10	5	4	5	10	4
46.0	10.0	23.0	2	10	4	14	2
61.0	33.0	26.0	2	5	11	7	6
62.0	63.0	17.0	4	6	12	6	9	10	5	8	4
63.0	69.0	6.0	5	9	6	5	6	23	4	7	4	22	2
32.0	22.0	9.0	2	20	4	9	2
45.0	35.0	15.0	2	5	5	9	4
59.0	15.0	14.0	4	7	6	15	4	21	2	10	2
5.0	6.0	7.0	4	6	6	9	5	7	4	9	3
10.0	17.0	27.0	5	6	10	7	9	7	6	18	4	8	3
21.0	10.0	13.0	1	4	3
5.0	64.0	11.0	4	6	10	19	3	6	3	23	2
30.0	15.0	16.0	4	10	5	9	5	11	3	7	2
39.0	10.0	10.0	2	6	9	19	3
32.0	39.0	5.0	2	7	7	10	3
25.0	32.0	25.0	2	4	11	20	3
25.0	55.0	17.0	1	8	3
48.0	28.0	18.0	5	9	4	8	4	5	3	17	2	4	2
56.0	37.0	10.0	2	10	4	8	2
22.0	22.0	18.0	3	21	4	7	3	6	3
36.0	26.0	26.0	4	8	7	13	3	9	3	8	2
21.0	45.0	11.0	2	7	10	6	8
45.0	35.0	30.0	5	7	9	11	4	14	3	8	3	8	2
55.0	20.0	21.0	5	4	11	9	6	14	4	9	3	5	2
33.0	34.0	19.0	1	5	3
50.0	50.0	15.0	1	19	2
55.0	45.0	16.0	2	6	3	22	2
26.0	59.0	29.0	2	4	8	9	4
40.0	66.0	26.0	1	11	5
55.0	65.0	37.0	3	5	9	5	6	8	4
35.0	51.0	16.0	2	5	11	5	3
62.0	35.0	12.0	3	6	11	9	4	6	4
62.0	57.0	31.0	4	6	5	21	4	8	4	6	4
62.0	24.0	8.0	4	11	4	19	3	6	3	16	2
21.0	36.0	19.0	1	7	4
33.0	44.0	20.0	3	22	3	5	2	4	2
9.0	56.0	13.0	4	7	8	10	4	12	2	11	2
62.0	48.0	15.0	4	6	5	16	4	9	3	5	3
66.0	14.0	22.0	4	11	5	12	4	7	3	16	2
44.0	13.0	28.0	5	7	5	6	5	10	4	21	3	24	2
26.0	13.0	12.0	1	6	8
11.0	28.0	6.0	4	7	5	13	4	5	4	7	3
7.0	43.0	27.0	3	10	5	8	4	14	3
17.0	64.0	14.0	2	5	6	9	4
41.0	46.0	18.0	3	5	12	7	7	7	5
55.0	34.0	17.0	3	7	11	8	6	22	2
35.0	16.0	29.0	2	6	8	13	4
52.0	26.0	13.0	2	7	4	7	3
43.0	26.0	22.0	1	7	5
31.0	76.0	25.0	4	7	11	10	4	20	3	11	3
22.0	53.0	28.0	5	4	11	8	4	8	4	19	2	5	2
26.0	29.0	27.0	4	11	5	8	4	12	3	6	3
50.0	40.0	19.0	1	22	3
55.0	50.0	10.0	4	16	4	10	4	10	4	5	4
54.0	10.0	12.0	4	6	7	4	4	16	3	8	3
60.0	15.0	14.0	2	20	4	5	3
47.0	66.0	24.0	3	7	9	8	7	11	3
30.0	60.0	16.0	4	7	9	6	9	8	5	6	2
30.0	50.0	33.0	3	15	3	13	2	9	2
12.0	17.0	15.0	2	6	3	5	3
15.0	14.0	11.0	4	8	6	9	3	8	3	4	3
16.0	19.0	18.0	3	5	12	12	4	18	3
21.0	48.0	17.0	1	5	3
50.0	30.0	21.0	4	6	5	16	3	11	3	7	2
51.0	42.0	27.0	4	10	6	20	4	7	3	6	3
50.0	15.0	19.0	2	10	5	18	4
48.0	21.0	20.0	1	7	2
12.0	38.0	5.0	2	11	5	8	4