# x   |  y    | demand	| numItems | l - w (for each item)
35.0	35.0	0.0	0
41.0	49.0	10.0	2	5	10	28	3
35.0	17.0	7.0	1	7	10
55.0	45.0	13.0	2	8	8	25	4
55.0	20.0	19.0	2	12	7	28	3
15.0	30.0	26.0	3	7	13	5	13	6	9
25.0	30.0	3.0	3	7	16	14	7	23	3
20.0	50.0	5.0	3	7	11	16	7	14	5
10.0	43.0	9.0	1	11	5
55.0	60.0	16.0	2	15	5	21	3
30.0	60.0	16.0	2	4	10	10	4
20.0	65.0	12.0	3	23	4	25	3	17	3
50.0	35.0	19.0	1	14	4
30.0	25.0	23.0	3	10	6	15	5	31	2
15.0	10.0	20.0	3	6	8	9	6	22	3
30.0	5.0	8.0	1	10	7
10.0	20.0	19.0	2	9	6	22	3
5.0	30.0	2.0	3	13	5	9	5	18	3
20.0	40.0	12.0	2	7	15	9	8
15.0	60.0	17.0	2	12	6	9	4
45.0	65.0	9.0	1	21	2
45.0	20.0	11.0	2	6	6	29	3
45.0	10.0	18.0	1	11	6
55.0	5.0	29.0	3	8	16	11	5	22	2
65.0	35.0	3.0	1	10	6
65.0	20.0	6.0	2	12	8	7	7
45.0	30.0	17.0	2	16	7	6	7
35.0	40.0	16.0	3	8	15	7	6	20	3
41.0	37.0	16.0	3	7	9	11	6	13	4
64.0	42.0	9.0	3	11	8	16	6	13	5
40.0	60.0	21.0	3	5	15	12	6	12	4
31.0	52.0	27.0	2	6	8	9	4
35.0	69.0	23.0	2	6	10	15	5
53.0	52.0	11.0	2	7	11	6	11
65.0	55.0	14.0	2	10	6	19	4
63.0	65.0	8.0	2	7	12	11	6
2.0	60.0	5.0	2	9	5	26	2
20.0	20.0	8.0	3	16	8	15	6	20	2
5.0	5.0	16.0	1	27	3
60.0	12.0	31.0	3	4	15	7	13	7	6
40.0	25.0	9.0	3	5	11	6	9	5	9
42.0	7.0	5.0	2	15	6	10	4
24.0	12.0	5.0	3	6	15	7	9	15	3
23.0	3.0	7.0	2	8	8	27	3
11.0	14.0	18.0	2	5	10	29	3
6.0	38.0	16.0	1	17	3
2.0	48.0	1.0	3	5	15	13	6	32	3
8.0	56.0	27.0	2	7	11	16	3
13.0	52.0	36.0	2	29	4	23	4
6.0	68.0	30.0	1	12	5
47.0	47.0	13.0	2	5	11	12	7
49.0	58.0	10.0	1	11	5
27.0	43.0	9.0	2	8	9	7	8
37.0	31.0	14.0	3	4	14	29	3	32	2
57.0	29.0	18.0	2	15	6	25	4
63.0	23.0	2.0	1	9	7
53.0	12.0	6.0	3	28	3	17	2	13	2
32.0	12.0	7.0	3	5	10	7	8	13	7
36.0	26.0	18.0	3	4	9	5	7	13	6
21.0	24.0	28.0	3	26	3	17	3	31	2
17.0	34.0	3.0	2	9	6	24	4
12.0	24.0	13.0	1	5	13
24.0	58.0	19.0	3	14	7	16	6	31	2
27.0	69.0	10.0	2	14	4	26	3
15.0	77.0	9.0	2	23	4	32	2
62.0	77.0	20.0	1	22	4
49.0	73.0	25.0	1	5	11
67.0	5.0	25.0	3	11	8	30	3	15	2
56.0	39.0	36.0	1	25	3
37.0	47.0	6.0	3	7	15	8	12	14	4
37.0	56.0	5.0	2	4	13	15	6
57.0	68.0	15.0	1	5	16
47.0	16.0	25.0	1	7	16
44.0	17.0	9.0	1	5	9
46.0	13.0	8.0	1	6	14
49.0	11.0	18.0	1	23	4
49.0	42.0	13.0	3	7	9	14	8	11	7
53.0	43.0	14.0	2	7	16	13	5
61.0	52.0	3.0	2	7	7	15	6
57.0	48.0	23.0	1	14	4
56.0	37.0	6.0	2	8	7	14	3
55.0	54.0	26.0	3	11	7	8	7	6	7
15.0	47.0	16.0	3	7	11	15	6	16	4
14.0	37.0	11.0	3	6	12	6	10	27	2
11.0	31.0	7.0	2	8	6	13	4
16.0	22.0	41.0	3	5	11	15	5	29	2
4.0	18.0	35.0	3	5	11	18	4	15	3
28.0	18.0	26.0	1	10	7
26.0	52.0	9.0	3	8	8	7	7	31	3
26.0	35.0	15.0	2	15	4	24	2
31.0	67.0	3.0	1	5	7
15.0	19.0	1.0	2	7	13	6	9
22.0	22.0	2.0	3	5	10	16	3	12	3
18.0	24.0	22.0	1	7	11
26.0	27.0	27.0	1	7	15
25.0	24.0	20.0	3	7	11	22	3	13	2
22.0	27.0	11.0	1	13	7
25.0	21.0	12.0	3	14	6	13	6	10	6
19.0	21.0	10.0	1	13	4
20.0	26.0	9.0	2	15	6	13	6
18.0	18.0	17.0	1	9	7
37.0	52.0	7.0	2	4	12	12	5
49.0	49.0	30.0	1	25	4
52.0	64.0	16.0	2	4	7	14	6
20.0	26.0	9.0	3	5	14	10	5	8	5
40.0	30.0	21.0	2	6	13	6	11
21.0	47.0	15.0	1	7	15
17.0	63.0	19.0	2	4	12	21	3
31.0	62.0	23.0	1	13	3
52.0	33.0	11.0	3	15	6	9	4	28	2
51.0	21.0	5.0	2	5	7	25	3
42.0	41.0	19.0	3	13	8	14	7	17	3
31.0	32.0	29.0	3	8	15	15	6	20	2
5.0	25.0	23.0	1	15	3
12.0	42.0	21.0	3	7	10	16	3	16	3
36.0	16.0	10.0	3	6	7	31	3	18	2
52.0	41.0	15.0	2	7	13	9	6
27.0	23.0	3.0	2	15	6	21	2
17.0	33.0	41.0	1	13	6
13.0	13.0	9.0	2	26	3	19	2
57.0	58.0	28.0	3	8	5	27	3	21	2
62.0	42.0	8.0	2	7	16	12	2
42.0	57.0	8.0	3	7	12	8	4	18	2
16.0	57.0	16.0	2	12	4	21	2
8.0	52.0	10.0	3	8	8	8	7	8	4
7.0	38.0	28.0	1	7	15
27.0	68.0	7.0	3	4	12	9	6	29	4
30.0	48.0	15.0	3	6	12	11	6	10	4
43.0	67.0	14.0	2	6	13	30	4
58.0	48.0	6.0	2	12	7	13	5
58.0	27.0	19.0	3	5	10	6	9	31	3
37.0	69.0	11.0	1	32	3
38.0	46.0	12.0	1	7	9
46.0	10.0	23.0	2	25	4	20	2
61.0	33.0	26.0	3	4	12	5	8	15	6
62.0	63.0	17.0	3	8	8	32	4	21	4
63.0	69.0	6.0	1	6	10
32.0	22.0	9.0	3	5	13	9	6	5	6
45.0	35.0	15.0	1	6	16
59.0	15.0	14.0	2	15	7	12	4
5.0	6.0	7.0	1	6	9
10.0	17.0	27.0	1	30	3
21.0	10.0	13.0	1	14	5
5.0	64.0	11.0	1	8	7
30.0	15.0	16.0	3	5	10	10	7	9	5
39.0	10.0	10.0	2	26	4	15	3
32.0	39.0	5.0	3	10	6	27	3	26	3
25.0	32.0	25.0	1	15	6
25.0	55.0	17.0	2	27	4	26	4
48.0	28.0	18.0	1	17	3
56.0	37.0	10.0	3	29	2	27	2	17	2
22.0	22.0	18.0	2	31	2	22	2
36.0	26.0	26.0	1	25	2
21.0	45.0	11.0	3	5	15	14	7	12	5
45.0	35.0	30.0	2	7	13	18	4
55.0	20.0	21.0	3	8	11	5	11	10	4
33.0	34.0	19.0	1	23	3
50.0	50.0	15.0	2	5	15	30	2
55.0	45.0	16.0	2	9	8	14	6
26.0	59.0	29.0	3	10	7	10	7	26	3
40.0	66.0	26.0	1	31	2
55.0	65.0	37.0	1	7	12
35.0	51.0	16.0	2	8	7	11	4
62.0	35.0	12.0	3	6	7	30	3	16	3
62.0	57.0	31.0	2	19	4	13	2
62.0	24.0	8.0	1	15	3
21.0	36.0	19.0	3	12	7	8	7	12	3
33.0	44.0	20.0	2	8	11	13	7
9.0	56.0	13.0	1	28	3
62.0	48.0	15.0	1	8	5
66.0	14.0	22.0	1	10	5
44.0	13.0	28.0	1	9	4
26.0	13.0	12.0	3	7	14	10	5	24	3
11.0	28.0	6.0	3	6	7	12	6	16	4
7.0	43.0	27.0	3	5	16	15	5	17	4
17.0	64.0	14.0	1	9	5
41.0	46.0	18.0	1	13	5
55.0	34.0	17.0	1	8	12
35.0	16.0	29.0	3	6	15	5	12	9	7
52.0	26.0	13.0	3	8	8	8	7	5	6
43.0	26.0	22.0	3	5	10	9	6	20	2
31.0	76.0	25.0	2	7	12	15	5
22.0	53.0	28.0	2	10	5	12	3
26.0	29.0	27.0	2	7	10	9	6
50.0	40.0	19.0	1	9	6
55.0	50.0	10.0	2	31	3	30	3
54.0	10.0	12.0	3	8	15	14	8	14	8
60.0	15.0	14.0	2	7	13	8	11
47.0	66.0	24.0	1	4	11
30.0	60.0	16.0	3	10	7	15	6	14	6
30.0	50.0	33.0	1	5	14
12.0	17.0	15.0	3	6	15	11	6	23	3
15.0	14.0	11.0	2	11	6	14	5
16.0	19.0	18.0	1	30	3
21.0	48.0	17.0	2	5	7	15	6
50.0	30.0	21.0	1	30	4
51.0	42.0	27.0	2	7	8	9	6
50.0	15.0	19.0	1	15	4
48.0	21.0	20.0	2	8	7	12	5
12.0	38.0	5.0	2	7	7	11	6