# x   |  y    | demand	| numItems | l - w (for each item)
0.0	0.0	0.0	0
5.8	0.0	40.0	1	14	3
2.9	5.0	40.0	4	4	13	7	10	11	6	14	3
-2.9	5.0	40.0	1	9	6
-5.8	0.0	40.0	4	6	6	19	3	10	3	6	3
-2.9	-5.0	40.0	4	7	7	10	5	20	3	26	2
2.9	-5.0	40.0	4	8	10	14	4	27	3	16	3
8.7	5.0	40.0	2	6	6	16	3
0.0	10.0	40.0	1	4	11
-8.7	5.0	40.0	2	14	5	29	4
-8.7	-5.0	40.0	3	5	13	4	6	32	3
0.0	-10.0	40.0	2	15	4	13	4
8.7	-5.0	40.0	1	8	13
5.3	0.8	10.0	3	14	7	4	4	13	3
3.3	4.3	10.0	4	12	8	5	7	13	5	22	2
6.5	-1.3	10.0	3	4	6	13	5	27	4
7.2	-2.5	20.0	2	10	4	24	3
7.9	-3.8	10.0	3	5	11	15	7	23	2
6.5	1.3	10.0	4	6	9	15	6	32	2	7	2
7.2	2.5	20.0	4	7	8	13	4	10	4	14	2
7.9	3.8	10.0	4	5	13	4	9	7	6	14	3
2.0	5.0	10.0	2	5	6	14	5
-2.0	5.0	10.0	1	25	2
4.3	5.0	10.0	3	12	6	20	4	12	4
5.8	5.0	20.0	2	4	7	9	6
7.2	5.0	10.0	3	11	4	25	3	24	3
2.2	6.3	10.0	4	6	13	4	13	8	7	13	4
1.4	7.5	20.0	3	4	10	21	3	17	3
0.7	8.8	10.0	4	14	6	11	6	11	5	24	3
-3.3	4.3	10.0	1	4	10
-5.3	0.8	10.0	3	7	8	8	6	28	2
-2.2	6.3	10.0	4	8	7	8	7	8	5	30	2
-1.4	7.5	20.0	2	14	8	20	3
-0.7	8.8	10.0	1	18	4
-4.3	5.0	10.0	4	4	13	6	7	14	6	23	4
-5.8	5.0	20.0	4	10	7	6	6	6	3	12	2
-7.2	5.0	10.0	1	4	9
-5.3	-0.8	10.0	4	5	14	14	7	7	6	26	4
-3.3	-4.3	10.0	1	11	5
-6.5	1.3	10.0	1	26	3
-7.2	2.5	20.0	1	29	3
-7.9	3.8	10.0	2	9	7	15	4
-6.5	-1.3	10.0	4	7	12	6	8	7	7	11	5
-7.2	-2.5	20.0	3	8	12	10	7	16	4
-7.9	-3.8	10.0	2	4	14	6	5
-2.0	-5.0	10.0	1	6	7
2.0	-5.0	10.0	1	8	10
-4.3	-5.0	10.0	1	9	4
-5.8	-5.0	20.0	1	10	8
-7.2	-5.0	10.0	2	7	13	4	7
-2.2	-6.3	10.0	1	22	4
-1.4	-7.5	20.0	3	15	4	12	4	13	2
-0.7	-8.8	10.0	1	15	8
3.3	-4.3	10.0	1	20	4
5.3	-0.8	10.0	3	27	4	18	3	14	3
2.2	-6.3	10.0	2	14	8	12	2
1.4	-7.5	20.0	3	11	3	8	3	31	2
0.7	-8.8	10.0	4	9	5	29	4	14	3	14	3
4.3	-5.0	10.0	2	6	10	11	7
5.8	-5.0	20.0	1	17	4
7.2	-5.0	10.0	3	7	7	7	5	28	3
7.2	0.0	40.0	4	8	9	12	7	11	6	22	2
3.6	6.3	40.0	2	13	7	30	4
-3.6	6.3	40.0	4	6	8	6	5	4	3	9	2
-7.2	0.0	40.0	2	11	5	28	2
-3.6	-6.3	40.0	1	14	5
3.6	-6.3	40.0	3	10	6	23	4	14	2
10.8	6.3	40.0	2	8	6	20	3
0.0	12.5	40.0	2	28	4	22	3
-10.8	6.3	40.0	4	10	7	6	5	31	3	19	3
-10.8	-6.3	40.0	3	8	10	10	7	30	2
0.0	-12.5	40.0	2	7	11	5	5
10.8	-6.3	40.0	2	8	5	15	4
6.7	0.9	10.0	3	11	6	30	3	11	3
4.1	5.3	10.0	4	6	12	5	11	18	3	18	3
8.1	-1.6	10.0	2	21	4	5	4
9.0	-3.1	20.0	1	28	2
9.9	-4.7	10.0	1	18	4
8.1	1.6	10.0	4	27	4	12	3	11	3	4	2
9.0	3.1	20.0	1	9	4
9.9	4.7	10.0	4	5	6	19	4	17	3	9	3
2.5	6.3	10.0	1	19	4
-2.5	6.3	10.0	2	20	3	30	2
5.4	6.3	10.0	4	9	7	19	4	10	3	13	2
7.2	6.3	20.0	2	5	6	17	3
9.0	6.3	10.0	3	27	3	27	3	24	3
2.7	7.8	10.0	3	7	10	4	8	14	3
1.8	9.4	20.0	2	7	7	31	4
0.9	10.9	10.0	3	4	6	29	3	24	3
-4.1	5.3	10.0	3	6	12	12	6	23	3
-6.7	0.9	10.0	1	5	10
-2.7	7.8	10.0	3	4	10	11	5	13	4
-1.8	9.4	20.0	2	14	3	10	2
-0.9	10.9	10.0	2	5	7	27	2
-5.4	6.3	10.0	2	6	6	4	6
-7.2	6.3	20.0	4	6	11	4	10	7	7	20	2
-9.0	6.3	10.0	4	6	9	12	7	7	7	5	6
-6.7	-0.9	10.0	1	8	3
-4.1	-5.3	10.0	4	6	9	5	7	29	3	20	3
-8.1	1.6	10.0	1	6	6
-9.0	3.1	20.0	4	13	6	9	5	31	3	5	2
-9.9	4.7	10.0	1	14	4
-8.1	-1.6	10.0	1	29	4
-9.0	-3.1	20.0	4	5	6	19	3	16	3	26	2
-9.9	-4.7	10.0	2	8	2	5	2
-2.5	-6.3	10.0	1	4	8
2.5	-6.3	10.0	1	13	3
-5.4	-6.3	10.0	2	6	6	9	3
-7.2	-6.3	20.0	3	13	4	11	2	6	2
-9.0	-6.3	10.0	1	6	2
-2.7	-7.8	10.0	4	7	13	5	10	5	9	16	8
-1.8	-9.4	20.0	1	16	3
-0.9	-10.9	10.0	1	13	3
4.1	-5.3	10.0	3	5	8	9	6	9	4
6.7	-0.9	10.0	4	6	9	16	6	7	6	4	3
2.7	-7.8	10.0	4	7	13	6	8	14	7	7	6
1.8	-9.4	20.0	2	4	12	5	10
0.9	-10.9	10.0	4	4	11	8	7	9	6	28	3
5.4	-6.3	10.0	3	8	11	24	4	15	4
7.2	-6.3	20.0	2	7	8	14	3
9.0	-6.3	10.0	2	5	8	8	6
9.0	0.0	40.0	2	7	8	19	3
4.5	7.8	40.0	3	11	7	7	7	16	2
-4.5	7.8	40.0	1	29	4
-9.0	0.0	40.0	4	6	12	8	11	8	10	12	7
-4.5	-7.8	40.0	3	7	14	16	7	19	3
4.5	-7.8	40.0	1	14	3
13.5	7.8	40.0	2	5	5	7	2
0.0	15.6	40.0	1	30	3
-13.5	7.8	40.0	3	9	6	12	5	11	3
-13.5	-7.8	40.0	1	6	6
0.0	-15.6	40.0	4	6	8	8	6	7	6	29	4
13.5	-7.8	40.0	2	16	4	17	3
8.3	1.2	10.0	4	7	10	16	5	7	5	9	3
5.2	6.6	10.0	2	5	8	8	5
10.1	-2.0	10.0	4	5	5	21	4	14	4	23	3
11.3	-3.9	20.0	4	6	8	13	3	29	2	23	2
12.4	-5.9	10.0	4	5	11	25	4	29	3	28	3
10.1	2.0	10.0	4	5	11	7	9	27	3	27	3
11.3	3.9	20.0	3	8	10	8	9	9	5
12.4	5.9	10.0	1	14	5
3.2	7.8	10.0	3	6	8	6	5	23	4
-3.2	7.8	10.0	4	7	7	7	7	11	5	13	4
6.8	7.8	10.0	1	5	7
9.0	7.8	20.0	2	4	6	5	2
11.3	7.8	10.0	3	7	11	15	7	14	3
3.4	9.8	10.0	4	5	10	11	7	31	3	26	3
2.3	11.7	20.0	2	7	7	31	4
1.1	13.7	10.0	2	13	6	13	4
-5.2	6.6	10.0	4	6	13	5	11	4	8	28	4
-8.3	1.2	10.0	3	13	4	11	4	4	3
-3.4	9.8	10.0	2	7	14	5	8
-2.3	11.7	20.0	1	14	3
-1.1	13.7	10.0	1	30	4
-6.8	7.8	10.0	1	28	3
-9.0	7.8	20.0	4	9	5	25	4	27	3	23	3
-11.3	7.8	10.0	3	10	6	4	6	21	3
-8.3	-1.2	10.0	1	26	3
-5.2	-6.6	10.0	2	13	5	15	3
-10.1	2.0	10.0	3	6	12	10	8	14	5
-11.3	3.9	20.0	1	9	6
-12.4	5.9	10.0	2	25	3	25	2
-10.1	-2.0	10.0	2	5	7	28	3
-11.3	-3.9	20.0	1	4	7
-12.4	-5.9	10.0	4	7	12	13	4	10	4	23	2
-3.2	-7.8	10.0	1	13	3
3.2	-7.8	10.0	1	7	11
-6.8	-7.8	10.0	4	5	10	6	8	13	6	21	3
-9.0	-7.8	20.0	2	10	3	12	2
-11.3	-7.8	10.0	1	5	7
-3.4	-9.8	10.0	4	6	14	5	12	15	3	4	3
-2.3	-11.7	20.0	1	13	4
-1.1	-13.7	10.0	3	4	13	11	4	28	3
5.2	-6.6	10.0	3	11	5	5	5	12	2
8.3	-1.2	10.0	3	6	7	32	3	13	2
3.4	-9.8	10.0	4	8	8	13	7	11	7	24	3
2.3	-11.7	20.0	2	4	9	16	3
1.1	-13.7	10.0	3	13	6	9	4	5	3
6.8	-7.8	10.0	1	4	9
9.0	-7.8	20.0	1	13	2
11.3	-7.8	10.0	4	6	12	4	6	6	5	32	2
11.3	0.0	40.0	4	7	12	12	7	7	7	12	4
5.6	9.8	40.0	4	4	10	13	4	8	4	28	3
-5.6	9.8	40.0	3	6	12	10	6	22	4
-11.3	0.0	40.0	3	6	10	7	6	19	3
-5.6	-9.8	40.0	4	14	5	11	5	30	3	26	2
5.6	-9.8	40.0	3	21	3	28	2	23	2
16.9	9.8	40.0	2	12	5	22	3
0.0	19.5	40.0	4	4	9	6	7	4	7	20	3
-16.9	9.8	40.0	1	22	3
-16.9	-9.8	40.0	3	10	8	6	3	19	2
0.0	-19.5	40.0	1	5	11
16.9	-9.8	40.0	3	7	6	9	3	22	2
10.4	1.5	10.0	4	7	8	6	6	15	3	14	3
6.5	8.3	10.0	3	5	11	15	5	7	5
12.7	-2.4	10.0	1	11	7
14.1	-4.9	20.0	4	5	12	7	9	7	6	15	3
15.5	-7.3	10.0	2	9	6	8	6
12.7	2.4	10.0	2	26	3	31	2
14.1	4.9	20.0	3	11	8	15	5	11	2
15.5	7.3	10.0	2	7	5	26	4
3.9	9.8	10.0	2	7	5	19	4
-3.9	9.8	10.0	2	8	4	30	2
8.5	9.8	10.0	2	6	10	21	4
11.3	9.8	20.0	4	9	7	12	6	17	4	23	2
14.1	9.8	10.0	4	12	8	11	6	5	3	26	2
4.2	12.2	10.0	2	7	12	4	10
2.8	14.6	20.0	3	5	13	16	3	27	2
1.4	17.1	10.0	3	14	8	4	7	5	4
-6.5	8.3	10.0	2	7	10	14	7
-10.4	1.5	10.0	2	7	4	22	3
-4.2	12.2	10.0	2	5	6	7	5
-2.8	14.6	20.0	1	9	5
-1.4	17.1	10.0	2	5	10	19	2
-8.5	9.8	10.0	1	8	2
-11.3	9.8	20.0	1	7	11
-14.1	9.8	10.0	4	7	9	5	6	11	3	7	3
-10.4	-1.5	10.0	3	14	7	9	6	24	4
-6.5	-8.3	10.0	3	6	10	10	3	24	2
-12.7	2.4	10.0	4	7	11	6	9	6	7	13	3
-14.1	4.9	20.0	2	13	3	31	2
-15.5	7.3	10.0	4	7	14	13	4	25	3	15	3
-12.7	-2.4	10.0	2	15	5	8	3
-14.1	-4.9	20.0	4	7	7	13	4	11	4	19	2
-15.5	-7.3	10.0	4	7	13	7	7	10	6	6	6
-3.9	-9.8	10.0	3	4	13	23	4	19	2
3.9	-9.8	10.0	4	5	12	4	9	8	8	7	2
-8.5	-9.8	10.0	2	5	6	13	2
-11.3	-9.8	20.0	3	7	11	5	4	15	3
-14.1	-9.8	10.0	4	15	4	26	3	19	3	19	3
-4.2	-12.2	10.0	2	4	5	15	3
-2.8	-14.6	20.0	4	6	11	12	6	6	6	28	4
-1.4	-17.1	10.0	1	14	4
6.5	-8.3	10.0	4	8	6	10	5	31	3	28	3
10.4	-1.5	10.0	3	8	14	5	7	12	4
4.2	-12.2	10.0	3	6	10	7	5	28	3
2.8	-14.6	20.0	3	6	12	6	10	27	3
1.4	-17.1	10.0	3	4	6	16	3	24	2
8.5	-9.8	10.0	2	8	6	29	3
11.3	-9.8	20.0	2	6	13	24	3
14.1	-9.8	10.0	1	6	5