# x   |  y    | demand	| numItems | l - w (for each item)
0.0	0.0	0.0	0
5.8	0.0	40.0	3	6	12	10	7	26	4
2.9	5.0	40.0	2	14	8	6	8
-2.9	5.0	40.0	1	12	6
-5.8	0.0	40.0	2	8	9	10	6
-2.9	-5.0	40.0	3	15	8	14	7	27	4
2.9	-5.0	40.0	3	8	13	7	8	10	6
8.7	5.0	40.0	1	15	2
0.0	10.0	40.0	3	10	7	29	3	26	3
-8.7	5.0	40.0	1	11	6
-8.7	-5.0	40.0	3	8	8	6	6	20	2
0.0	-10.0	40.0	2	5	11	22	2
8.7	-5.0	40.0	3	6	11	9	5	24	3
5.3	0.8	10.0	1	14	8
3.3	4.3	10.0	1	28	3
6.5	-1.3	10.0	2	4	14	4	14
7.2	-2.5	20.0	2	8	7	10	6
7.9	-3.8	10.0	3	8	10	12	6	21	3
6.5	1.3	10.0	3	7	13	10	7	12	6
7.2	2.5	20.0	2	7	11	14	6
7.9	3.8	10.0	2	12	8	6	7
2.0	5.0	10.0	2	8	8	15	5
-2.0	5.0	10.0	1	20	2
4.3	5.0	10.0	2	7	8	14	3
5.8	5.0	20.0	1	5	12
7.2	5.0	10.0	2	12	5	30	2
2.2	6.3	10.0	1	7	13
1.4	7.5	20.0	2	9	6	10	4
0.7	8.8	10.0	2	12	5	21	2
-3.3	4.3	10.0	2	7	16	23	3
-5.3	0.8	10.0	1	8	11
-2.2	6.3	10.0	1	28	4
-1.4	7.5	20.0	2	7	11	8	10
-0.7	8.8	10.0	3	8	7	8	5	25	4
-4.3	5.0	10.0	3	5	14	8	12	31	4
-5.8	5.0	20.0	3	14	6	8	5	23	3
-7.2	5.0	10.0	2	16	8	12	6
-5.3	-0.8	10.0	1	11	8
-3.3	-4.3	10.0	2	9	7	28	2
-6.5	1.3	10.0	2	13	6	12	6
-7.2	2.5	20.0	3	15	7	14	3	13	2
-7.9	3.8	10.0	1	25	2
-6.5	-1.3	10.0	3	7	7	15	3	22	2
-7.2	-2.5	20.0	3	11	5	19	4	10	4
-7.9	-3.8	10.0	2	6	16	4	12
-2.0	-5.0	10.0	2	6	9	24	3
2.0	-5.0	10.0	2	20	3	26	2
-4.3	-5.0	10.0	2	15	5	30	3
-5.8	-5.0	20.0	3	8	15	14	6	21	3
-7.2	-5.0	10.0	3	8	5	14	3	15	2
-2.2	-6.3	10.0	1	22	4
-1.4	-7.5	20.0	3	10	6	27	4	13	4
-0.7	-8.8	10.0	3	5	12	17	3	27	2
3.3	-4.3	10.0	2	4	13	7	7
5.3	-0.8	10.0	1	15	7
2.2	-6.3	10.0	2	7	6	16	5
1.4	-7.5	20.0	2	10	8	16	7
0.7	-8.8	10.0	2	25	4	14	3
4.3	-5.0	10.0	1	18	3
5.8	-5.0	20.0	2	7	11	13	6
7.2	-5.0	10.0	2	5	14	5	9
7.2	0.0	40.0	3	7	14	5	10	15	7
3.6	6.3	40.0	2	10	5	16	3
-3.6	6.3	40.0	2	7	12	14	3
-7.2	0.0	40.0	2	14	6	6	6
-3.6	-6.3	40.0	2	6	8	11	5
3.6	-6.3	40.0	2	10	6	15	3
10.8	6.3	40.0	3	22	3	14	3	20	2
0.0	12.5	40.0	3	6	8	16	7	11	7
-10.8	6.3	40.0	3	8	12	7	9	15	6
-10.8	-6.3	40.0	3	14	5	18	3	13	2
0.0	-12.5	40.0	3	15	6	18	4	22	3
10.8	-6.3	40.0	1	5	7
6.7	0.9	10.0	3	6	12	5	7	11	4
4.1	5.3	10.0	1	12	5
8.1	-1.6	10.0	3	14	6	18	3	13	3
9.0	-3.1	20.0	2	13	5	12	5
9.9	-4.7	10.0	2	31	4	17	3
8.1	1.6	10.0	1	14	6
9.0	3.1	20.0	2	5	12	24	4
9.9	4.7	10.0	1	7	15
2.5	6.3	10.0	2	9	8	20	3
-2.5	6.3	10.0	1	20	3
5.4	6.3	10.0	3	11	4	16	3	13	3
7.2	6.3	20.0	1	9	7
9.0	6.3	10.0	1	28	2
2.7	7.8	10.0	2	5	13	8	7
1.8	9.4	20.0	3	9	5	16	4	14	4
0.9	10.9	10.0	2	10	6	17	4
-4.1	5.3	10.0	2	15	6	14	6
-6.7	0.9	10.0	1	31	4
-2.7	7.8	10.0	2	7	10	5	9
-1.8	9.4	20.0	1	5	8
-0.9	10.9	10.0	2	8	6	20	3
-5.4	6.3	10.0	2	6	13	22	3
-7.2	6.3	20.0	3	8	13	12	7	14	4
-9.0	6.3	10.0	1	8	12
-6.7	-0.9	10.0	1	17	3
-4.1	-5.3	10.0	2	8	12	13	6
-8.1	1.6	10.0	3	16	8	9	6	23	2
-9.0	3.1	20.0	3	7	10	7	9	14	5
-9.9	4.7	10.0	3	7	14	16	6	31	3
-8.1	-1.6	10.0	1	6	10
-9.0	-3.1	20.0	1	20	3
-9.9	-4.7	10.0	3	4	11	7	8	25	4
-2.5	-6.3	10.0	3	15	5	27	3	27	3
2.5	-6.3	10.0	3	8	10	7	8	15	6
-5.4	-6.3	10.0	3	7	7	10	5	22	2
-7.2	-6.3	20.0	1	13	2
-9.0	-6.3	10.0	1	8	10
-2.7	-7.8	10.0	1	4	12
-1.8	-9.4	20.0	2	6	10	8	6
-0.9	-10.9	10.0	1	8	9
4.1	-5.3	10.0	3	11	5	31	4	17	3
6.7	-0.9	10.0	2	15	3	23	2
2.7	-7.8	10.0	3	7	14	8	9	9	6
1.8	-9.4	20.0	2	6	10	14	2
0.9	-10.9	10.0	3	8	15	31	4	13	4
5.4	-6.3	10.0	1	12	3
7.2	-6.3	20.0	2	24	4	14	3
9.0	-6.3	10.0	1	18	3
9.0	0.0	40.0	2	7	13	7	9
4.5	7.8	40.0	1	8	12
-4.5	7.8	40.0	1	21	2
-9.0	0.0	40.0	1	12	6
-4.5	-7.8	40.0	3	5	16	6	8	6	8
4.5	-7.8	40.0	2	5	7	11	5
13.5	7.8	40.0	3	5	15	20	3	15	3
0.0	15.6	40.0	1	6	13
-13.5	7.8	40.0	2	8	15	10	4
-13.5	-7.8	40.0	3	16	5	10	5	10	5
0.0	-15.6	40.0	3	7	14	6	14	7	12
13.5	-7.8	40.0	2	8	11	4	11
8.3	1.2	10.0	1	14	8
5.2	6.6	10.0	2	7	10	15	4
10.1	-2.0	10.0	2	26	4	16	3
11.3	-3.9	20.0	2	6	13	4	10
12.4	-5.9	10.0	1	30	4
10.1	2.0	10.0	2	5	9	8	6
11.3	3.9	20.0	1	5	16
12.4	5.9	10.0	2	4	13	5	10
3.2	7.8	10.0	2	5	7	29	2
-3.2	7.8	10.0	3	15	7	13	7	15	6
6.8	7.8	10.0	3	7	14	14	8	28	3
9.0	7.8	20.0	2	4	12	25	2
11.3	7.8	10.0	3	8	8	10	7	23	3
3.4	9.8	10.0	1	16	6
2.3	11.7	20.0	1	12	4
1.1	13.7	10.0	2	8	15	14	4
-5.2	6.6	10.0	2	14	7	23	3
-8.3	1.2	10.0	1	6	12
-3.4	9.8	10.0	1	22	3
-2.3	11.7	20.0	3	7	14	4	8	30	4
-1.1	13.7	10.0	1	15	3
-6.8	7.8	10.0	3	9	6	8	6	8	6
-9.0	7.8	20.0	1	5	13
-11.3	7.8	10.0	2	7	13	16	2
-8.3	-1.2	10.0	1	10	5
-5.2	-6.6	10.0	3	8	8	15	7	12	4
-10.1	2.0	10.0	1	7	8
-11.3	3.9	20.0	1	6	15
-12.4	5.9	10.0	2	7	14	13	6
-10.1	-2.0	10.0	1	11	8
-11.3	-3.9	20.0	3	15	8	6	6	30	2
-12.4	-5.9	10.0	3	7	14	9	7	11	4
-3.2	-7.8	10.0	2	4	11	14	3
3.2	-7.8	10.0	3	8	15	13	5	15	4
-6.8	-7.8	10.0	1	4	9
-9.0	-7.8	20.0	2	7	10	9	4
-11.3	-7.8	10.0	2	27	4	13	3
-3.4	-9.8	10.0	3	7	8	29	4	31	2
-2.3	-11.7	20.0	2	16	6	14	5
-1.1	-13.7	10.0	2	11	6	8	6
5.2	-6.6	10.0	3	7	15	15	5	29	3
8.3	-1.2	10.0	1	4	15
3.4	-9.8	10.0	3	7	16	6	12	5	10
2.3	-11.7	20.0	2	5	14	10	5
1.1	-13.7	10.0	1	7	12
6.8	-7.8	10.0	1	15	5
9.0	-7.8	20.0	3	14	5	12	5	21	4
11.3	-7.8	10.0	2	10	7	8	7
11.3	0.0	40.0	2	6	8	11	7
5.6	9.8	40.0	1	14	7
-5.6	9.8	40.0	3	7	14	10	5	15	3
-11.3	0.0	40.0	2	6	12	30	4
-5.6	-9.8	40.0	1	6	13
5.6	-9.8	40.0	2	7	11	8	6
16.9	9.8	40.0	2	8	15	13	3
0.0	19.5	40.0	2	13	7	16	4
-16.9	9.8	40.0	3	5	15	5	11	26	3
-16.9	-9.8	40.0	2	7	16	19	3
0.0	-19.5	40.0	2	9	5	14	4
16.9	-9.8	40.0	3	9	8	20	3	17	3
10.4	1.5	10.0	3	10	6	11	5	12	3
6.5	8.3	10.0	2	15	7	14	4
12.7	-2.4	10.0	1	9	7
14.1	-4.9	20.0	1	10	8
15.5	-7.3	10.0	1	14	3
12.7	2.4	10.0	2	15	8	17	3
14.1	4.9	20.0	2	15	8	13	5
15.5	7.3	10.0	1	17	3
3.9	9.8	10.0	3	16	7	8	6	23	4
-3.9	9.8	10.0	1	12	5
8.5	9.8	10.0	3	11	5	31	4	13	4
11.3	9.8	20.0	3	4	15	5	10	20	3
14.1	9.8	10.0	3	13	5	22	4	26	3
4.2	12.2	10.0	1	5	7
2.8	14.6	20.0	1	5	16
1.4	17.1	10.0	2	32	3	16	3
-6.5	8.3	10.0	2	10	8	13	6
-10.4	1.5	10.0	3	7	15	8	10	29	3
-4.2	12.2	10.0	3	20	4	21	3	16	2
-2.8	14.6	20.0	3	5	13	6	7	30	3
-1.4	17.1	10.0	3	6	10	29	3	26	2
-8.5	9.8	10.0	2	6	14	25	2
-11.3	9.8	20.0	3	6	13	4	9	8	7
-14.1	9.8	10.0	3	4	12	13	5	25	2
-10.4	-1.5	10.0	1	16	2
-6.5	-8.3	10.0	2	6	9	7	8
-12.7	2.4	10.0	3	12	7	4	6	19	4
-14.1	4.9	20.0	2	6	8	9	5
-15.5	7.3	10.0	3	6	12	14	7	18	3
-12.7	-2.4	10.0	2	6	6	18	4
-14.1	-4.9	20.0	3	4	9	15	4	14	2
-15.5	-7.3	10.0	2	26	4	23	3
-3.9	-9.8	10.0	3	12	6	15	4	22	2
3.9	-9.8	10.0	1	12	5
-8.5	-9.8	10.0	3	14	7	9	5	15	2
-11.3	-9.8	20.0	3	7	13	7	10	6	8
-14.1	-9.8	10.0	2	15	4	15	4
-4.2	-12.2	10.0	3	6	6	22	4	27	2
-2.8	-14.6	20.0	2	18	4	26	2
-1.4	-17.1	10.0	3	7	11	25	4	20	3
6.5	-8.3	10.0	2	24	3	21	3
10.4	-1.5	10.0	1	7	8
4.2	-12.2	10.0	2	8	14	31	2
2.8	-14.6	20.0	3	6	10	5	10	5	9
1.4	-17.1	10.0	2	8	7	13	6
8.5	-9.8	10.0	1	15	6
11.3	-9.8	20.0	2	16	7	23	3
14.1	-9.8	10.0	1	9	8