# x   |  y    | demand	| numItems | l - w (for each item)
30.0	40.0	0.0	0
42.0	41.0	19.0	2	8	7	17	3
31.0	32.0	29.0	1	31	4
5.0	25.0	23.0	2	8	10	7	16
12.0	42.0	21.0	1	20	2
36.0	16.0	10.0	1	22	3
52.0	41.0	15.0	2	8	17	12	8
27.0	23.0	3.0	2	29	2	34	2
17.0	33.0	41.0	1	8	10
13.0	13.0	9.0	2	20	8	23	3
57.0	58.0	28.0	2	22	3	5	15
62.0	42.0	8.0	2	13	9	8	4
42.0	57.0	8.0	1	16	9
16.0	57.0	16.0	2	10	5	14	5
8.0	52.0	10.0	1	31	3
7.0	38.0	28.0	2	30	2	13	7
27.0	68.0	7.0	1	5	13
30.0	48.0	15.0	2	18	10	24	3
43.0	67.0	14.0	2	21	3	8	16
58.0	48.0	6.0	1	6	14
58.0	27.0	19.0	2	27	4	17	4