# x   |  y    | demand	| numItems | l - w (for each item)
30.0	40.0	0.0	0
42.0	41.0	19.0	1	15	8
31.0	32.0	29.0	2	9	7	30	4
5.0	25.0	23.0	3	15	3	14	6	11	4
12.0	42.0	21.0	3	24	3	30	2	4	10
36.0	16.0	10.0	3	17	3	13	3	7	10
52.0	41.0	15.0	2	8	6	5	14
27.0	23.0	3.0	3	11	5	5	15	22	3
17.0	33.0	41.0	3	7	14	13	3	14	6
13.0	13.0	9.0	3	17	3	10	5	27	3
57.0	58.0	28.0	3	7	11	15	3	7	7
62.0	42.0	8.0	2	30	3	14	7
42.0	57.0	8.0	1	9	6
16.0	57.0	16.0	1	22	3
8.0	52.0	10.0	2	6	10	17	3
7.0	38.0	28.0	2	8	4	13	2
27.0	68.0	7.0	2	13	4	4	6
30.0	48.0	15.0	2	5	11	13	6
43.0	67.0	14.0	1	30	4
58.0	48.0	6.0	1	7	12
58.0	27.0	19.0	3	12	7	13	6	8	5