# x   |  y    | demand	| numItems | l - w (for each item)
30.0	40.0	0.0	0
42.0	41.0	19.0	4	7	6	7	6	13	4	8	4
31.0	32.0	29.0	4	18	3	12	2	10	4	4	4
5.0	25.0	23.0	1	23	3
12.0	42.0	21.0	3	8	3	7	8	19	3
36.0	16.0	10.0	5	9	5	6	3	6	6	10	4	6	3
52.0	41.0	15.0	1	9	2
27.0	23.0	3.0	4	11	4	9	3	7	3	7	4
17.0	33.0	41.0	2	7	2	14	3
13.0	13.0	9.0	4	11	3	5	2	5	3	12	5
57.0	58.0	28.0	2	12	3	6	7
62.0	42.0	8.0	1	8	8
42.0	57.0	8.0	5	5	4	6	9	4	9	7	4	6	5
16.0	57.0	16.0	4	5	4	8	2	11	3	7	5
8.0	52.0	10.0	1	12	4
7.0	38.0	28.0	1	7	5
27.0	68.0	7.0	5	6	6	14	3	18	3	10	6	4	5
30.0	48.0	15.0	4	6	3	10	4	11	3	13	2
43.0	67.0	14.0	5	6	5	12	5	6	5	15	3	12	3
58.0	48.0	6.0	4	7	10	7	3	7	10	4	5
58.0	27.0	19.0	2	4	4	23	2