# x   |  y    | demand	| numItems | l - w (for each item)
30.0	40.0	0.0	0
42.0	41.0	19.0	1	15	8
31.0	32.0	29.0	4	5	7	11	5	5	5	10	8
5.0	25.0	23.0	1	27	2
12.0	42.0	21.0	4	6	10	13	8	25	4	9	3
36.0	16.0	10.0	1	13	7
52.0	41.0	15.0	1	5	3
27.0	23.0	3.0	4	7	13	18	4	6	9	12	4
17.0	33.0	41.0	2	13	6	10	3
13.0	13.0	9.0	4	18	3	15	4	9	6	8	5
57.0	58.0	28.0	1	12	2
62.0	42.0	8.0	3	8	9	8	11	14	6
42.0	57.0	8.0	2	19	3	15	3
16.0	57.0	16.0	2	12	2	4	14
8.0	52.0	10.0	4	5	10	12	7	7	12	9	3
7.0	38.0	28.0	2	29	3	6	8
27.0	68.0	7.0	3	13	4	19	2	8	12
30.0	48.0	15.0	3	16	2	11	7	5	12
43.0	67.0	14.0	4	4	10	15	4	29	2	5	13
58.0	48.0	6.0	2	14	4	26	4
58.0	27.0	19.0	2	5	7	8	12