# x   |  y    | demand	| numItems | l - w (for each item)
145.0	215.0	0.0	0
151.0	264.0	1100.0	3	14	7	19	4	15	4
159.0	261.0	700.0	1	22	3
130.0	254.0	800.0	1	8	11
128.0	252.0	1400.0	3	6	4	7	5	11	7
163.0	247.0	2100.0	2	6	3	15	6
146.0	246.0	400.0	3	19	3	5	7	12	7
161.0	242.0	800.0	4	25	3	9	3	8	2	4	9
142.0	239.0	100.0	4	16	7	17	4	7	10	25	3
163.0	236.0	500.0	2	12	6	6	11
148.0	232.0	600.0	3	26	2	5	7	13	3
128.0	231.0	1200.0	3	27	3	21	3	14	8
156.0	217.0	1300.0	1	18	3
129.0	214.0	1300.0	4	25	4	15	5	32	3	5	10
146.0	208.0	300.0	4	17	4	12	6	6	7	20	3
164.0	208.0	900.0	1	16	6
141.0	206.0	2100.0	2	7	3	28	4
147.0	193.0	1000.0	3	5	5	13	3	7	8
164.0	193.0	900.0	2	14	5	8	6
129.0	189.0	2500.0	4	5	3	5	6	12	6	4	7
155.0	185.0	1800.0	3	8	6	5	12	27	4
139.0	182.0	700.0	4	4	9	25	3	17	2	10	4