# x   |  y    | demand	| numItems | l - w (for each item)
145.0	215.0	0.0	0
151.0	264.0	1100.0	2	8	9	15	8
159.0	261.0	700.0	1	19	4
130.0	254.0	800.0	2	25	3	34	2
128.0	252.0	1400.0	1	9	7
163.0	247.0	2100.0	1	11	5
146.0	246.0	400.0	2	30	2	26	2
161.0	242.0	800.0	1	19	5
142.0	239.0	100.0	2	9	7	5	13
163.0	236.0	500.0	1	22	3
148.0	232.0	600.0	1	19	2
128.0	231.0	1200.0	2	10	8	16	9
156.0	217.0	1300.0	2	6	13	23	3
129.0	214.0	1300.0	1	8	10
146.0	208.0	300.0	1	6	11
164.0	208.0	900.0	1	20	3
141.0	206.0	2100.0	1	22	3
147.0	193.0	1000.0	2	12	5	6	10
164.0	193.0	900.0	2	6	15	20	3
129.0	189.0	2500.0	1	26	3
155.0	185.0	1800.0	2	26	3	34	3
139.0	182.0	700.0	2	14	9	9	5