# x   |  y    | demand	| numItems | l - w (for each item)
145.0	215.0	0.0	0
151.0	264.0	1100.0	2	14	8	11	6
159.0	261.0	700.0	1	12	4
130.0	254.0	800.0	3	8	7	6	10	18	3
128.0	252.0	1400.0	1	22	4
163.0	247.0	2100.0	2	9	7	31	4
146.0	246.0	400.0	2	14	4	6	8
161.0	242.0	800.0	1	13	8
142.0	239.0	100.0	1	14	5
163.0	236.0	500.0	2	8	13	8	9
148.0	232.0	600.0	2	8	6	31	2
128.0	231.0	1200.0	1	20	2
156.0	217.0	1300.0	1	6	9
129.0	214.0	1300.0	1	7	10
146.0	208.0	300.0	1	10	6
164.0	208.0	900.0	3	9	5	15	5	24	4
141.0	206.0	2100.0	3	6	10	27	4	7	13
147.0	193.0	1000.0	3	6	9	6	6	8	6
164.0	193.0	900.0	2	5	11	5	6
129.0	189.0	2500.0	1	6	12
155.0	185.0	1800.0	1	5	7
139.0	182.0	700.0	3	6	9	13	2	20	3