# x   |  y    | demand	| numItems | l - w (for each item)
145.0	215.0	0.0	0
151.0	264.0	1100.0	2	15	8	11	5
159.0	261.0	700.0	3	23	3	11	6	29	3
130.0	254.0	800.0	2	28	3	9	6
128.0	252.0	1400.0	1	6	8
163.0	247.0	2100.0	3	11	6	5	13	21	4
146.0	246.0	400.0	3	32	3	11	5	11	5
161.0	242.0	800.0	1	8	7
142.0	239.0	100.0	2	14	8	21	3
163.0	236.0	500.0	3	12	6	6	11	21	2
148.0	232.0	600.0	1	14	6
128.0	231.0	1200.0	2	7	9	6	13
156.0	217.0	1300.0	1	15	8
129.0	214.0	1300.0	1	13	6
146.0	208.0	300.0	1	20	4
164.0	208.0	900.0	2	24	4	5	7
141.0	206.0	2100.0	3	31	4	14	7	7	12
147.0	193.0	1000.0	1	9	6
164.0	193.0	900.0	3	9	6	8	13	27	3
129.0	189.0	2500.0	2	7	9	14	7
155.0	185.0	1800.0	1	29	3
139.0	182.0	700.0	2	13	4	28	3