# x   |  y    | demand	| numItems | l - w (for each item)
145.0	215.0	0.0	0
151.0	264.0	1100.0	4	7	11	6	7	11	4	24	2
159.0	261.0	700.0	1	5	5
130.0	254.0	800.0	1	10	3
128.0	252.0	1400.0	4	15	7	11	7	6	4	6	11
163.0	247.0	2100.0	1	6	4
146.0	246.0	400.0	1	14	3
161.0	242.0	800.0	2	7	11	15	2
142.0	239.0	100.0	1	7	4
163.0	236.0	500.0	2	23	4	12	7
148.0	232.0	600.0	1	21	4
128.0	231.0	1200.0	1	21	3
156.0	217.0	1300.0	3	31	2	29	3	15	7
129.0	214.0	1300.0	1	8	12
146.0	208.0	300.0	4	10	5	6	5	30	3	20	2
164.0	208.0	900.0	1	31	3
141.0	206.0	2100.0	1	7	5
147.0	193.0	1000.0	4	6	6	4	4	6	8	9	3
164.0	193.0	900.0	2	6	13	28	3
129.0	189.0	2500.0	1	21	4
155.0	185.0	1800.0	3	4	13	14	3	20	4
139.0	182.0	700.0	2	13	5	5	12