# x   |  y    | demand	| numItems | h - w (for each item)
266.0   235.0	0.0	0
295.0   272.0   125.0	3	8	11	5	5	30	4
301.0   258.0	84.0	4	7	4	12	3	19	2	4	6
309.0   260.0   60.0	2	6	5	6	10
217.0   274.0   500.0	2	15	6	17	3
218.0   278.0   300.0	2	5	6	12	5
282.0   267.0   175.0	3	7	7	5	6	17	3
242.0   249.0   350.0	1	9	8
230.0   262.0   150.0	1	5	6
249.0   268.0	1100.0	2	6	10	9	6
256.0   267.0  	4100.0	4	27	3	5	4	16	5	16	3
265.0   257.0   225.0	1	6	4
267.0   242.0   300.0	2	14	7	8	8
259.0   265.0   250.0	2	27	3	13	7
315.0   233.0   500.0	4	26	2	7	3	6	5	22	2
329.0   252.0   150.0	4	13	5	30	3	19	4	13	4
318.0   252.0   100.0	1	11	4
329.0   224.0   250.0	1	15	3
267.0   213.0   120.0	3	24	4	6	12	30	4
275.0   192.0   600.0	1	4	8
303.0   201.0   500.0	1	27	2
208.0   217.0   175.0	2	18	3	7	8
326.0   181.0	75.0	2	4	6	14	7