# x   |  y    | demand	| numItems | l - w (for each item)
30.0	40.0	0.0	0
52.0	41.0	15.0	5	5	6	6	5	23	3	11	3	23	2
27.0	23.0	3.0	3	5	4	4	6	12	6
17.0	33.0	41.0	3	8	2	7	4	11	3
13.0	13.0	9.0	2	14	4	6	3
57.0	58.0	28.0	5	7	12	6	4	12	2	6	5	14	3
62.0	42.0	8.0	2	9	4	4	3
42.0	57.0	8.0	1	7	3
16.0	57.0	16.0	1	5	3
8.0	52.0	10.0	4	7	4	7	3	7	3	7	8
7.0	38.0	28.0	5	11	3	5	3	13	4	13	2	5	9
27.0	68.0	7.0	5	22	3	6	3	16	4	15	2	7	3
30.0	48.0	15.0	3	4	7	7	5	18	2
43.0	67.0	14.0	5	17	3	5	10	5	12	24	2	6	9
58.0	48.0	6.0	2	5	10	11	3
58.0	27.0	19.0	5	8	6	12	6	8	4	6	11	8	2
37.0	69.0	11.0	4	4	11	6	5	4	3	11	5
38.0	46.0	12.0	3	5	4	21	3	4	5
46.0	10.0	23.0	5	8	2	7	5	5	5	9	4	23	3
61.0	33.0	26.0	3	7	3	5	3	6	3
62.0	63.0	17.0	4	19	3	9	2	4	3	5	8
63.0	69.0	6.0	3	7	3	9	5	8	2
32.0	22.0	9.0	4	22	4	8	6	7	10	5	5
45.0	35.0	15.0	5	9	2	7	7	9	6	5	10	10	3
59.0	15.0	14.0	5	7	9	6	7	11	3	12	3	9	3
5.0	6.0	7.0	4	5	6	5	6	6	4	7	7