# x   |  y    | demand	| numItems | l - w (for each item)
30.0	40.0	0.0	0
52.0	41.0	15.0	2	14	5	6	5
27.0	23.0	3.0	3	14	4	7	3	24	4
17.0	33.0	41.0	4	18	3	8	14	15	3	15	4
13.0	13.0	9.0	1	18	4
57.0	58.0	28.0	2	10	4	5	8
62.0	42.0	8.0	1	22	2
42.0	57.0	8.0	1	17	3
16.0	57.0	16.0	1	6	14
8.0	52.0	10.0	1	24	3
7.0	38.0	28.0	1	24	3
27.0	68.0	7.0	3	17	2	4	12	4	13
30.0	48.0	15.0	3	7	4	13	8	29	3
43.0	67.0	14.0	3	31	3	5	7	31	3
58.0	48.0	6.0	3	5	2	17	3	9	5
58.0	27.0	19.0	4	7	3	28	4	22	3	24	3
37.0	69.0	11.0	3	21	4	18	3	5	7
38.0	46.0	12.0	3	9	5	24	4	5	7
46.0	10.0	23.0	4	22	2	28	3	6	2	11	6
61.0	33.0	26.0	3	10	3	30	3	27	3
62.0	63.0	17.0	2	16	5	13	3
63.0	69.0	6.0	4	28	2	20	3	27	4	14	4
32.0	22.0	9.0	3	10	6	10	7	14	4
45.0	35.0	15.0	3	29	3	9	7	5	2
59.0	15.0	14.0	1	7	12
5.0	6.0	7.0	4	21	4	7	13	23	3	23	2