# x   |  y    | demand	| numItems | l - w (for each item)
30.0	40.0	0.0	0
52.0	41.0	15.0	2	6	11	10	5
27.0	23.0	3.0	3	15	4	30	2	7	6
17.0	33.0	41.0	3	12	6	20	3	5	9
13.0	13.0	9.0	3	5	7	9	7	9	7
57.0	58.0	28.0	3	29	2	18	4	5	14
62.0	42.0	8.0	1	23	4
42.0	57.0	8.0	2	7	10	10	5
16.0	57.0	16.0	3	31	3	7	14	10	4
8.0	52.0	10.0	3	4	15	11	4	20	4
7.0	38.0	28.0	1	11	4
27.0	68.0	7.0	3	9	5	15	6	14	3
30.0	48.0	15.0	1	16	4
43.0	67.0	14.0	3	9	5	12	3	31	3
58.0	48.0	6.0	3	6	7	19	3	8	11
58.0	27.0	19.0	2	4	14	13	8
37.0	69.0	11.0	3	7	11	14	3	28	3
38.0	46.0	12.0	3	14	5	16	4	10	8
46.0	10.0	23.0	3	10	5	6	6	7	12
61.0	33.0	26.0	3	8	10	18	3	13	7
62.0	63.0	17.0	2	12	8	25	3
63.0	69.0	6.0	2	5	6	20	4
32.0	22.0	9.0	3	4	11	5	8	11	4
45.0	35.0	15.0	1	29	3
59.0	15.0	14.0	2	30	4	12	5
5.0	6.0	7.0	3	18	2	25	3	8	7