# x   |  y    | demand	| numItems | l - w (for each item)
162.0	354.0	0.0	0
218.0	382.0	300.0	1	13	3
218.0	358.0	3100.0	4	8	8	9	6	6	6	22	2
201.0	370.0	125.0	2	5	14	6	7
214.0	371.0	100.0	3	4	8	14	4	10	2
224.0	370.0	200.0	4	12	7	5	6	23	4	27	3
210.0	382.0	150.0	4	5	5	27	4	23	4	8	4
104.0	354.0	150.0	2	13	6	10	5
126.0	338.0	450.0	2	10	6	8	5
119.0	340.0	300.0	3	6	13	5	12	7	6
129.0	349.0	100.0	2	7	14	8	3
126.0	347.0	950.0	1	8	3
125.0	346.0	125.0	3	8	11	12	5	23	3
116.0	355.0	150.0	2	7	13	6	9
126.0	335.0	150.0	4	11	7	6	7	4	7	18	3
125.0	355.0	550.0	1	8	4
119.0	357.0	150.0	1	8	6
115.0	341.0	100.0	3	6	13	15	8	8	6
153.0	351.0	150.0	2	6	4	12	3
175.0	363.0	400.0	1	5	13
180.0	360.0	300.0	2	7	5	11	4
159.0	331.0	1500.0	3	30	4	6	4	30	2
188.0	357.0	100.0	3	9	5	13	4	24	3
152.0	349.0	300.0	3	21	3	21	3	18	2
215.0	389.0	500.0	4	5	10	21	4	18	4	18	3
212.0	394.0	800.0	2	28	4	17	3
188.0	393.0	300.0	3	28	3	21	3	15	2
207.0	406.0	100.0	3	7	4	21	3	14	3
184.0	410.0	150.0	1	14	6
207.0	392.0	1000.0	3	5	9	5	4	5	3