# x   |  y    | demand	| numItems | l - w (for each item)
162.0	354.0	0.0	0
218.0	382.0	300.0	3	4	11	21	4	29	3
218.0	358.0	3100.0	1	7	12
201.0	370.0	125.0	4	5	12	7	11	8	7	7	4
214.0	371.0	100.0	4	5	11	10	7	9	7	14	6
224.0	370.0	200.0	4	10	7	4	5	27	3	13	3
210.0	382.0	150.0	2	8	10	14	6
104.0	354.0	150.0	3	8	14	16	5	26	4
126.0	338.0	450.0	1	20	4
119.0	340.0	300.0	2	8	14	13	4
129.0	349.0	100.0	3	4	7	7	5	32	4
126.0	347.0	950.0	3	7	6	8	5	30	3
125.0	346.0	125.0	1	32	4
116.0	355.0	150.0	2	7	14	19	3
126.0	335.0	150.0	4	11	7	28	3	21	3	12	3
125.0	355.0	550.0	4	10	7	23	4	14	4	14	4
119.0	357.0	150.0	3	5	5	30	3	15	2
115.0	341.0	100.0	1	26	3
153.0	351.0	150.0	3	6	8	6	5	6	4
175.0	363.0	400.0	2	4	6	14	2
180.0	360.0	300.0	2	14	6	20	2
159.0	331.0	1500.0	2	22	4	29	2
188.0	357.0	100.0	2	7	12	8	10
152.0	349.0	300.0	4	5	12	5	8	10	7	11	2
215.0	389.0	500.0	4	6	13	6	8	12	4	21	2
212.0	394.0	800.0	1	22	2
188.0	393.0	300.0	1	20	3
207.0	406.0	100.0	4	10	5	5	5	25	4	19	2
184.0	410.0	150.0	2	8	11	13	2
207.0	392.0	1000.0	2	19	4	8	3