# x   |  y    | demand	| numItems | l - w (for each item)
162.0	354.0	0.0	0
218.0	382.0	300.0	1	8	7
218.0	358.0	3100.0	3	7	16	7	9	15	7
201.0	370.0	125.0	2	6	13	12	5
214.0	371.0	100.0	1	15	6
224.0	370.0	200.0	2	10	5	27	3
210.0	382.0	150.0	1	6	12
104.0	354.0	150.0	3	5	14	6	6	12	4
126.0	338.0	450.0	1	18	3
119.0	340.0	300.0	1	9	4
129.0	349.0	100.0	2	8	6	20	3
126.0	347.0	950.0	1	21	3
125.0	346.0	125.0	1	15	5
116.0	355.0	150.0	1	22	4
126.0	335.0	150.0	1	5	14
125.0	355.0	550.0	3	8	6	23	3	19	2
119.0	357.0	150.0	3	5	15	10	8	8	8
115.0	341.0	100.0	1	20	3
153.0	351.0	150.0	1	6	11
175.0	363.0	400.0	2	8	7	14	5
180.0	360.0	300.0	3	12	5	29	3	13	2
159.0	331.0	1500.0	1	14	4
188.0	357.0	100.0	2	7	10	16	4
152.0	349.0	300.0	1	15	5
215.0	389.0	500.0	1	14	4
212.0	394.0	800.0	1	22	3
188.0	393.0	300.0	2	6	14	9	5
207.0	406.0	100.0	3	8	8	21	4	26	2
184.0	410.0	150.0	1	7	7
207.0	392.0	1000.0	3	14	5	10	5	15	3