# x   |  y    | demand	| numItems | l - w (for each item)
162.0	354.0	0.0	0
218.0	382.0	300.0	2	6	9	27	4
218.0	358.0	3100.0	1	5	7
201.0	370.0	125.0	3	5	13	8	6	31	2
214.0	371.0	100.0	3	8	14	14	7	5	7
224.0	370.0	200.0	1	8	8
210.0	382.0	150.0	1	8	7
104.0	354.0	150.0	3	16	8	12	8	29	2
126.0	338.0	450.0	2	4	7	16	6
119.0	340.0	300.0	2	5	11	16	7
129.0	349.0	100.0	2	14	7	8	7
126.0	347.0	950.0	1	9	4
125.0	346.0	125.0	3	5	7	26	3	25	2
116.0	355.0	150.0	1	7	10
126.0	335.0	150.0	3	7	7	17	3	17	2
125.0	355.0	550.0	1	4	6
119.0	357.0	150.0	2	7	10	28	3
115.0	341.0	100.0	1	6	13
153.0	351.0	150.0	3	6	15	12	6	25	4
175.0	363.0	400.0	1	20	4
180.0	360.0	300.0	3	4	13	11	7	21	3
159.0	331.0	1500.0	3	7	8	10	7	29	3
188.0	357.0	100.0	3	4	14	5	10	24	3
152.0	349.0	300.0	3	6	10	7	7	23	2
215.0	389.0	500.0	2	8	15	26	3
212.0	394.0	800.0	2	4	13	7	7
188.0	393.0	300.0	3	10	6	13	3	28	2
207.0	406.0	100.0	3	5	10	5	8	13	7
184.0	410.0	150.0	3	8	8	7	7	31	3
207.0	392.0	1000.0	1	27	4