# x   |  y    | demand	| numItems | l - w (for each item)
292.0	495.0	0.0	0
298.0	427.0	700.0	3	8	8	15	5	16	4
309.0	445.0	400.0	1	16	6
307.0	464.0	400.0	1	14	8
336.0	475.0	1200.0	2	5	12	13	6
320.0	439.0	40.0	2	4	14	5	8
321.0	437.0	80.0	1	16	8
322.0	437.0	2000.0	3	9	8	14	5	10	4
323.0	433.0	900.0	3	12	7	8	6	26	2
324.0	433.0	600.0	1	20	3
323.0	429.0	750.0	1	23	3
314.0	435.0	1500.0	2	5	8	4	6
311.0	442.0	150.0	1	4	14
304.0	427.0	250.0	2	13	6	13	5
293.0	421.0	1600.0	2	5	15	9	6
296.0	418.0	450.0	2	6	14	7	8
261.0	384.0	700.0	1	15	7
297.0	410.0	550.0	1	9	5
315.0	407.0	650.0	1	6	7
314.0	406.0	200.0	2	7	16	6	9
321.0	391.0	400.0	1	4	14
321.0	398.0	300.0	1	10	5
314.0	394.0	1300.0	3	14	7	14	7	14	5
313.0	378.0	700.0	2	10	7	11	4
304.0	382.0	750.0	3	5	13	8	7	16	4
295.0	402.0	1400.0	3	5	13	16	2	15	2
283.0	406.0	4000.0	2	7	14	29	3
279.0	399.0	600.0	2	8	12	20	4
271.0	401.0	1000.0	2	15	7	27	2
264.0	414.0	500.0	2	8	6	29	3
277.0	439.0	2500.0	2	11	8	10	5
290.0	434.0	1700.0	1	15	6
319.0	433.0	1100.0	3	4	11	11	7	12	4