# x   |  y    | demand	| numItems | h - w (for each item)
292.0   495.0     0.0	0
298.0   427.0   700.0	3	5	11	14	6	23	4
309.0   445.0   400.0	3	5	13	5	12	4	12
307.0   464.0   400.0	3	6	8	4	7	32	4
336.0   475.0  1200.0	2	10	5	19	3
320.0   439.0    40.0	1	10	7
321.0   437.0    80.0	2	4	11	14	2
322.0   437.0  2000.0	3	7	14	8	5	21	2
323.0   433.0   900.0	3	13	6	15	5	8	4
324.0   433.0   600.0	3	11	8	5	7	25	4
323.0   429.0   750.0	1	5	10
314.0   435.0  1500.0	3	7	14	7	9	14	7
311.0   442.0   150.0	1	25	3
304.0   427.0   250.0	1	17	3
293.0   421.0  1600.0	2	6	10	19	2
296.0   418.0   450.0	1	5	13
261.0   384.0   700.0	1	30	3
297.0   410.0   550.0	2	8	6	18	3
315.0   407.0   650.0	1	22	3
314.0   406.0   200.0	3	7	11	6	8	14	5
321.0   391.0   400.0	1	10	8
321.0   398.0   300.0	2	7	12	9	7
314.0   394.0  1300.0	1	5	9
313.0   378.0   700.0	2	12	6	19	2
304.0   382.0   750.0	1	27	3
295.0   402.0  1400.0	1	7	7
283.0   406.0  4000.0	2	7	12	12	7
279.0   399.0   600.0	1	12	3
271.0   401.0  1000.0	1	5	12
264.0   414.0   500.0	2	5	7	27	3
277.0   439.0  2500.0	1	8	6
290.0   434.0  1700.0	1	29	3
319.0   433.0  1100.0	2	6	14	23	2