# x   |  y    | demand	| numItems | l - w (for each item)
250.0	200.0	0.0	0
10.0	260.0	3500.0	4	7	9	22	4	9	4	8	3
313.0	382.0	25705.0	5	7	6	12	4	21	3	11	2	9	2
467.0	67.0	713.0	4	4	6	20	3	16	3	6	3
205.0	254.0	2267.0	2	14	3	5	3
275.0	34.0	447.0	2	7	8	10	6
269.0	262.0	1847.0	5	8	7	6	6	8	4	10	3	5	2
293.0	269.0	1437.0	2	6	7	7	5
333.0	212.0	3720.0	4	6	5	7	4	6	4	5	4
304.0	202.0	1115.0	2	6	10	7	3
286.0	207.0	273.0	5	7	11	7	10	7	3	5	3	8	2
288.0	191.0	5494.0	1	5	4
295.0	235.0	1944.0	5	6	8	6	8	11	6	12	3	8	3
50.0	249.0	250.0	3	5	10	12	5	9	2
484.0	179.0	1500.0	5	7	5	20	4	5	4	5	3	10	2
447.0	189.0	3585.0	2	5	6	7	2
215.0	204.0	140.0	3	6	6	12	4	4	3
22.0	255.0	629.0	3	10	5	19	3	9	2
267.0	316.0	479.0	5	7	10	5	6	7	4	7	4	5	3
391.0	196.0	17456.0	4	7	5	14	3	8	3	16	2
399.0	122.0	1143.0	5	6	11	6	8	12	5	9	4	6	4
363.0	187.0	1919.0	5	11	4	10	4	5	4	20	3	10	2
355.0	236.0	826.0	5	5	9	14	4	7	4	10	3	6	3
378.0	203.0	3264.0	4	5	8	7	7	7	5	8	4
458.0	218.0	1570.0	1	6	4
383.0	181.0	2215.0	1	13	3
240.0	326.0	1239.0	1	7	2
273.0	349.0	580.0	4	7	5	12	4	7	3	11	2
278.0	374.0	5000.0	2	5	10	10	2
352.0	271.0	100.0	1	15	4
324.0	295.0	201.0	2	7	5	6	3
249.0	250.0	6747.0	2	7	9	8	6
65.0	248.0	1260.0	3	7	4	5	3	5	2