# x   |  y    | demand	| numItems | h - w (for each item)
292.0   495.0     0.0	0
298.0   427.0   700.0	1	12	7
309.0   445.0   400.0	1	7	9
307.0   464.0   400.0	1	6	12
336.0   475.0  1200.0	2	7	12	23	3
320.0   439.0    40.0	1	5	12
321.0   437.0    80.0	1	5	8
322.0   437.0  2000.0	2	22	4	20	3
323.0   433.0   900.0	2	6	14	9	8
324.0   433.0   600.0	2	13	8	9	6
323.0   429.0   750.0	1	7	14
314.0   435.0  1500.0	1	12	6
311.0   442.0   150.0	1	6	8
304.0   427.0   250.0	1	6	9
293.0   421.0  1600.0	1	13	8
296.0   418.0   450.0	1	13	10
261.0   384.0   700.0	2	4	17	23	2
297.0   410.0   550.0	2	14	7	22	3
315.0   407.0   650.0	2	8	12	17	3
314.0   406.0   200.0	1	9	6
321.0   391.0   400.0	1	5	9
321.0   398.0   300.0	1	11	9
314.0   394.0  1300.0	2	7	11	22	4
313.0   378.0   700.0	1	6	13
304.0   382.0   750.0	2	6	16	15	9
295.0   402.0  1400.0	1	8	10
283.0   406.0  4000.0	2	8	11	7	13
279.0   399.0   600.0	1	18	8
271.0   401.0  1000.0	2	6	13	20	3
264.0   414.0   500.0	2	5	9	22	2
277.0   439.0  2500.0	2	17	10	5	10
290.0   434.0  1700.0	2	6	8	8	9
319.0   433.0  1100.0	2	5	13	8	8