# x   |  y    | demand	| numItems | l - w (for each item)
250.0	200.0	0.0	0
10.0	260.0	3500.0	1	9	6
313.0	382.0	25705.0	3	6	12	12	5	28	2
467.0	67.0	713.0	3	8	8	12	5	31	3
205.0	254.0	2267.0	3	6	10	7	8	24	3
275.0	34.0	447.0	1	8	10
269.0	262.0	1847.0	1	16	6
293.0	269.0	1437.0	2	16	8	16	3
333.0	212.0	3720.0	2	4	11	28	3
304.0	202.0	1115.0	3	5	13	10	5	12	4
286.0	207.0	273.0	2	13	8	9	4
288.0	191.0	5494.0	1	26	4
295.0	235.0	1944.0	2	4	6	29	3
50.0	249.0	250.0	3	7	15	6	15	5	9
484.0	179.0	1500.0	1	14	7
447.0	189.0	3585.0	2	11	8	6	7
215.0	204.0	140.0	1	4	15
22.0	255.0	629.0	1	14	7
267.0	316.0	479.0	1	16	2
391.0	196.0	17456.0	3	6	11	6	11	27	3
399.0	122.0	1143.0	1	11	5
363.0	187.0	1919.0	1	6	7
355.0	236.0	826.0	2	9	7	7	7
378.0	203.0	3264.0	1	12	4
458.0	218.0	1570.0	2	10	6	10	4
383.0	181.0	2215.0	3	14	7	10	6	12	5
240.0	326.0	1239.0	1	31	3
273.0	349.0	580.0	1	8	6
278.0	374.0	5000.0	2	5	16	4	9
352.0	271.0	100.0	1	18	2
324.0	295.0	201.0	1	6	14
249.0	250.0	6747.0	2	15	6	14	4
65.0	248.0	1260.0	2	7	15	10	7