# x   |  y    | demand	| numItems | l - w (for each item)
40.0	40.0	0.0	0
22.0	22.0	18.0	1	22	3
36.0	26.0	26.0	4	6	9	14	8	14	4	9	4
21.0	45.0	11.0	4	6	10	7	5	20	3	12	3
45.0	35.0	30.0	4	8	10	5	9	7	8	17	3
55.0	20.0	21.0	4	6	10	11	6	8	4	28	2
33.0	34.0	19.0	3	7	14	5	13	6	11
50.0	50.0	15.0	2	16	7	11	4
55.0	45.0	16.0	1	4	14
26.0	59.0	29.0	2	17	4	27	3
40.0	66.0	26.0	2	5	5	28	3
55.0	65.0	37.0	3	5	10	8	6	11	5
35.0	51.0	16.0	3	15	6	6	4	25	2
62.0	35.0	12.0	1	4	5
62.0	57.0	31.0	1	5	11
62.0	24.0	8.0	3	5	11	18	4	11	4
21.0	36.0	19.0	2	10	8	20	2
33.0	44.0	20.0	1	9	8
9.0	56.0	13.0	2	10	3	8	3
62.0	48.0	15.0	4	6	10	5	5	27	3	25	3
66.0	14.0	22.0	4	7	11	8	7	6	6	21	3
44.0	13.0	28.0	1	7	9
26.0	13.0	12.0	3	8	11	10	4	21	3
11.0	28.0	6.0	3	6	14	13	6	31	4
7.0	43.0	27.0	3	7	14	10	7	29	2
17.0	64.0	14.0	4	7	12	6	12	8	11	22	4
41.0	46.0	18.0	3	6	4	5	4	15	3
55.0	34.0	17.0	4	5	12	6	11	7	9	9	7
35.0	16.0	29.0	1	18	4
52.0	26.0	13.0	4	7	8	7	8	15	6	12	4
43.0	26.0	22.0	4	5	14	7	10	8	7	14	6
31.0	76.0	25.0	4	6	9	20	3	14	3	16	2
22.0	53.0	28.0	3	11	7	4	6	21	3
26.0	29.0	27.0	1	6	11
50.0	40.0	19.0	2	7	6	13	5
55.0	50.0	10.0	2	8	6	13	3