# x   |  y    | demand	| numItems | l - w (for each item)
40.0	40.0	0.0	0
22.0	22.0	18.0	2	14	6	12	4
36.0	26.0	26.0	2	12	5	15	4
21.0	45.0	11.0	3	8	15	29	3	27	3
45.0	35.0	30.0	2	20	4	27	3
55.0	20.0	21.0	3	4	9	6	8	24	3
33.0	34.0	19.0	2	13	7	11	5
50.0	50.0	15.0	3	9	8	15	7	8	4
55.0	45.0	16.0	1	15	5
26.0	59.0	29.0	2	7	15	7	11
40.0	66.0	26.0	2	4	9	27	3
55.0	65.0	37.0	2	31	4	12	4
35.0	51.0	16.0	2	5	15	26	2
62.0	35.0	12.0	1	15	5
62.0	57.0	31.0	3	28	3	29	2	13	2
62.0	24.0	8.0	1	27	3
21.0	36.0	19.0	3	11	6	19	4	27	2
33.0	44.0	20.0	2	5	16	16	4
9.0	56.0	13.0	2	7	13	4	10
62.0	48.0	15.0	2	9	7	11	5
66.0	14.0	22.0	1	5	10
44.0	13.0	28.0	1	5	7
26.0	13.0	12.0	1	11	5
11.0	28.0	6.0	2	10	5	15	4
7.0	43.0	27.0	3	5	11	5	8	10	7
17.0	64.0	14.0	1	17	3
41.0	46.0	18.0	2	8	9	14	3
55.0	34.0	17.0	2	16	3	23	2
35.0	16.0	29.0	3	7	12	6	12	5	11
52.0	26.0	13.0	3	7	15	8	7	5	7
43.0	26.0	22.0	3	6	15	17	3	21	2
31.0	76.0	25.0	1	15	7
22.0	53.0	28.0	3	14	5	28	3	22	3
26.0	29.0	27.0	3	8	15	23	3	16	2
50.0	40.0	19.0	2	5	12	27	4
55.0	50.0	10.0	3	4	15	5	11	16	6