# x   |  y    | demand	| numItems | h - w (for each item)
40.0	40.0	0.0	0
22.0	22.0	18.0	4	16	5	20	4	18	3	9	3
36.0	26.0	26.0	4	8	12	8	4	5	4	7	3
21.0	45.0	11.0	4	7	10	7	9	5	7	13	4
45.0	35.0	30.0	4	5	12	8	9	6	7	12	3
55.0	20.0	21.0	3	7	12	7	8	31	3
33.0	34.0	19.0	4	5	12	8	9	6	7	12	3
50.0	50.0	15.0	1	9	8
55.0	45.0	16.0	2	7	7	5	6
26.0	59.0	29.0	1	17	3
40.0	66.0	26.0	2	6	13	20	2
55.0	65.0	37.0	3	6	8	16	5	31	2
35.0	51.0	16.0	4	4	12	13	6	6	5	26	3
62.0	35.0	12.0	1	6	12
62.0	57.0	31.0	1	6	13
62.0	24.0	8.0	2	28	4	28	4
21.0	36.0	19.0	1	32	3
33.0	44.0	20.0	1	9	7
9.0	56.0	13.0	3	6	14	15	5	17	3
62.0	48.0	15.0	3	31	3	31	3	31	3
66.0	14.0	22.0	1	5	6
44.0	13.0	28.0	2	12	7	31	2
26.0	13.0	12.0	2	7	3	12	2
11.0	28.0	6.0	1	13	3
7.0	43.0	27.0	3	13	7	6	5	13	4
17.0	64.0	14.0	2	7	6	23	3
41.0	46.0	18.0	1	13	3
55.0	34.0	17.0	2	16	5	23	3
35.0	16.0	29.0	3	4	13	11	3	10	3
52.0	26.0	13.0	2	6	12	13	4
43.0	26.0	22.0	3	4	7	26	4	23	3
31.0	76.0	25.0	1	8	13
22.0	53.0	28.0	4	4	12	16	8	8	6	25	3
26.0	29.0	27.0	3	7	8	7	6	26	4
50.0	40.0	19.0	4	5	10	21	4	21	3	8	2
55.0	50.0	10.0	1	8	5
54.0	10.0	12.0	3	8	9	31	2	11	2
60.0	15.0	14.0	1	23	2
47.0	66.0	24.0	4	8	13	6	10	7	7	24	2
30.0	60.0	16.0	1	12	3
30.0	50.0	33.0	4	6	7	4	7	7	6	30	3