# x   |  y    | demand	| numItems | h - w (for each item)
40.0	40.0	0.0	0
22.0	22.0	18.0	1	5	14
36.0	26.0	26.0	1	10	5
21.0	45.0	11.0	2	9	5	32	3
45.0	35.0	30.0	1	16	3
55.0	20.0	21.0	2	6	15	5	9
33.0	34.0	19.0	2	12	7	23	3
50.0	50.0	15.0	2	7	16	19	4
55.0	45.0	16.0	1	6	8
26.0	59.0	29.0	2	8	5	28	2
40.0	66.0	26.0	2	6	12	27	2
55.0	65.0	37.0	3	7	11	6	10	13	5
35.0	51.0	16.0	2	13	7	7	6
62.0	35.0	12.0	3	14	7	8	6	11	4
62.0	57.0	31.0	3	11	4	29	2	18	2
62.0	24.0	8.0	1	8	12
21.0	36.0	19.0	1	8	12
33.0	44.0	20.0	1	6	8
9.0	56.0	13.0	1	5	10
62.0	48.0	15.0	1	21	4
66.0	14.0	22.0	2	25	3	14	3
44.0	13.0	28.0	2	13	3	29	2
26.0	13.0	12.0	2	5	6	17	3
11.0	28.0	6.0	1	16	5
7.0	43.0	27.0	2	24	3	24	2
17.0	64.0	14.0	1	14	5
41.0	46.0	18.0	3	20	4	15	4	16	3
55.0	34.0	17.0	2	6	11	28	3
35.0	16.0	29.0	3	10	8	5	6	12	5
52.0	26.0	13.0	1	18	4
43.0	26.0	22.0	2	11	7	12	5
31.0	76.0	25.0	2	5	9	31	3
22.0	53.0	28.0	1	5	8
26.0	29.0	27.0	3	7	9	9	7	30	4
50.0	40.0	19.0	1	14	4
55.0	50.0	10.0	1	8	8
54.0	10.0	12.0	3	6	10	6	8	11	7
60.0	15.0	14.0	2	6	14	18	4
47.0	66.0	24.0	2	6	11	7	10
30.0	60.0	16.0	2	25	3	22	2
30.0	50.0	33.0	3	10	8	15	4	13	2