# x   |  y    | demand	| numItems | l - w (for each item)
0.0	0.0	0.0	0
3.0	5.0	33.0	3	18	3	15	3	11	2
2.5	9.0	15.0	2	4	8	29	2
48.0	16.0	10.0	2	5	7	22	3
48.0	17.0	40.0	1	31	3
69.0	16.0	15.0	1	7	8
70.0	16.0	5.0	4	12	6	15	5	30	4	6	4
64.0	13.0	77.0	3	4	8	24	4	24	2
3.0	-22.0	435.0	1	20	3
2.5	1.0	165.0	4	8	8	7	6	6	5	16	4
-13.0	11.5	120.0	3	7	11	4	10	4	6
-20.0	45.0	65.0	3	6	13	8	5	32	3
-9.0	52.0	23.0	4	8	12	19	3	13	3	29	2
-8.5	53.0	18.0	3	15	5	4	5	30	3
-8.0	52.0	550.0	2	5	14	22	4
2.0	2.0	78.0	1	10	5
-2.0	9.0	627.0	4	4	6	5	4	14	3	19	2
-10.0	20.0	9.0	2	7	13	7	5
-20.0	19.0	96.0	2	15	4	14	3
-15.0	-21.0	116.0	3	4	7	7	5	19	2
-5.0	-9.0	116.0	4	13	6	9	4	13	3	7	2
-4.5	-9.0	83.0	4	5	14	7	8	5	7	26	3
-52.0	-36.0	41.0	2	5	9	15	7
-53.0	-36.0	645.0	1	6	11
0.0	0.0	694.0	4	7	11	7	6	15	3	15	3
-30.0	-18.0	573.0	2	5	13	16	3
-51.0	-35.0	1.0	3	5	9	5	5	24	2
81.0	9.0	181.0	2	6	9	5	6
84.0	-99.0	106.0	1	8	10
82.0	-6.0	52.0	3	8	11	20	4	30	3
40.0	-12.0	117.0	3	6	8	29	4	7	3
50.0	-7.0	52.0	3	5	6	8	4	26	3
51.0	-8.0	1300.0	2	8	8	9	4
63.0	-17.0	57.0	4	7	5	14	3	12	3	31	2
45.0	-1.0	28.0	2	6	14	14	4
54.0	8.5	84.0	4	7	7	7	6	24	4	19	3
29.0	4.0	1.0	3	6	11	14	6	7	2
21.0	3.0	54.0	2	6	8	7	7
22.0	2.0	19.0	2	5	4	8	3
39.0	-3.0	88.0	2	12	6	30	2
39.5	-3.0	41.0	3	6	8	32	3	17	3
40.0	-11.0	238.0	2	5	14	18	2
28.0	-2.0	66.0	1	7	5
24.0	-18.0	44.0	4	31	4	5	4	31	2	21	2
24.0	-19.0	42.0	1	7	9