# x   |  y    | demand	| numItems | l - w (for each item)
0.0	0.0	0.0	0
3.0	5.0	33.0	1	26	3
2.5	9.0	15.0	1	8	9
48.0	16.0	10.0	2	7	11	13	6
48.0	17.0	40.0	1	9	8
69.0	16.0	15.0	1	6	11
70.0	16.0	5.0	2	8	9	6	9
64.0	13.0	77.0	1	11	8
3.0	-22.0	435.0	2	20	5	29	2
2.5	1.0	165.0	1	5	10
-13.0	11.5	120.0	2	16	9	10	8
-20.0	45.0	65.0	1	5	17
-9.0	52.0	23.0	1	5	13
-8.5	53.0	18.0	1	29	4
-8.0	52.0	550.0	2	34	3	21	3
2.0	2.0	78.0	2	5	18	19	3
-2.0	9.0	627.0	1	18	8
-10.0	20.0	9.0	1	18	5
-20.0	19.0	96.0	2	7	17	5	11
-15.0	-21.0	116.0	1	16	9
-5.0	-9.0	116.0	1	24	4
-4.5	-9.0	83.0	1	9	8
-52.0	-36.0	41.0	1	20	3
-53.0	-36.0	645.0	1	4	13
0.0	0.0	694.0	2	5	13	13	6
-30.0	-18.0	573.0	1	6	8
-51.0	-35.0	1.0	1	5	11
81.0	9.0	181.0	2	7	17	10	9
84.0	-99.0	106.0	2	14	5	26	3
82.0	-6.0	52.0	2	6	16	7	14
40.0	-12.0	117.0	2	7	16	20	3
50.0	-7.0	52.0	2	6	13	25	3
51.0	-8.0	1300.0	2	15	6	26	2
63.0	-17.0	57.0	1	6	8
45.0	-1.0	28.0	2	5	13	4	13
54.0	8.5	84.0	2	12	5	25	2
29.0	4.0	1.0	2	4	18	22	3
21.0	3.0	54.0	2	5	13	23	2
22.0	2.0	19.0	2	6	17	27	2
39.0	-3.0	88.0	2	7	14	11	8
39.5	-3.0	41.0	1	10	6
40.0	-11.0	238.0	2	6	17	32	3
28.0	-2.0	66.0	1	21	4
24.0	-18.0	44.0	2	28	3	26	2
24.0	-19.0	42.0	1	16	3