# x   |  y    | demand	| numItems | l - w (for each item)
30.0	40.0	0.0	0
37.0	52.0	7.0	1	23	3
49.0	49.0	30.0	3	9	7	15	4	15	3
52.0	64.0	16.0	3	6	12	13	6	29	2
20.0	26.0	9.0	2	14	5	13	2
40.0	30.0	21.0	3	16	7	11	7	27	2
21.0	47.0	15.0	3	7	11	12	4	12	3
17.0	63.0	19.0	1	8	13
31.0	62.0	23.0	1	27	4
52.0	33.0	11.0	1	5	16
51.0	21.0	5.0	2	13	5	10	5
42.0	41.0	19.0	1	5	9
31.0	32.0	29.0	3	7	7	22	3	20	3
5.0	25.0	23.0	1	20	3
12.0	42.0	21.0	3	8	13	7	13	29	4
36.0	16.0	10.0	3	8	13	6	11	9	6
52.0	41.0	15.0	2	7	14	14	3
27.0	23.0	3.0	1	29	2
17.0	33.0	41.0	2	15	6	8	6
13.0	13.0	9.0	1	16	5
57.0	58.0	28.0	3	14	6	17	4	20	3
62.0	42.0	8.0	2	7	13	4	11
42.0	57.0	8.0	3	14	6	30	3	25	3
16.0	57.0	16.0	3	8	14	7	7	12	5
8.0	52.0	10.0	1	6	10
7.0	38.0	28.0	1	6	12
27.0	68.0	7.0	3	15	6	8	5	31	3
30.0	48.0	15.0	2	6	12	5	8
43.0	67.0	14.0	2	6	10	28	3
58.0	48.0	6.0	2	4	13	28	3
58.0	27.0	19.0	2	5	10	12	3
37.0	69.0	11.0	2	4	6	18	3
38.0	46.0	12.0	2	12	5	14	3
46.0	10.0	23.0	2	7	15	13	4
61.0	33.0	26.0	1	7	7
62.0	63.0	17.0	2	4	15	8	13
63.0	69.0	6.0	2	11	5	10	5
32.0	22.0	9.0	3	7	12	14	7	23	4
45.0	35.0	15.0	1	18	4
59.0	15.0	14.0	1	6	7
5.0	6.0	7.0	2	6	8	22	2
10.0	17.0	27.0	3	7	12	12	7	22	3
21.0	10.0	13.0	3	8	15	6	15	28	3
5.0	64.0	11.0	3	5	13	9	6	16	2
30.0	15.0	16.0	3	6	14	7	11	5	8
39.0	10.0	10.0	3	7	15	7	13	21	4
32.0	39.0	5.0	1	14	7
25.0	32.0	25.0	1	24	3
25.0	55.0	17.0	1	15	7
48.0	28.0	18.0	3	6	14	13	6	18	4
56.0	37.0	10.0	3	7	15	12	7	5	7