# x   |  y    | demand	| numItems | l - w (for each item)
30.0	40.0	0.0	0
37.0	52.0	7.0	4	7	13	5	13	31	3	26	2
49.0	49.0	30.0	4	5	11	4	6	8	3	16	2
52.0	64.0	16.0	3	6	10	29	4	12	4
20.0	26.0	9.0	3	6	10	7	4	17	3
40.0	30.0	21.0	1	18	4
21.0	47.0	15.0	3	5	7	17	3	27	2
17.0	63.0	19.0	3	5	9	14	4	20	2
31.0	62.0	23.0	2	13	4	18	3
52.0	33.0	11.0	1	23	4
51.0	21.0	5.0	3	14	7	14	4	13	3
42.0	41.0	19.0	2	10	8	10	2
31.0	32.0	29.0	4	6	7	10	5	27	3	17	2
5.0	25.0	23.0	3	6	10	6	8	12	2
12.0	42.0	21.0	1	29	3
36.0	16.0	10.0	3	7	7	8	3	21	2
52.0	41.0	15.0	1	6	13
27.0	23.0	3.0	3	5	12	6	7	13	2
17.0	33.0	41.0	3	6	11	7	7	13	4
13.0	13.0	9.0	3	14	7	13	3	12	3
57.0	58.0	28.0	4	6	12	19	4	31	3	23	3
62.0	42.0	8.0	4	8	9	14	5	6	5	28	3
42.0	57.0	8.0	3	8	5	24	3	16	3
16.0	57.0	16.0	3	5	14	13	4	17	2
8.0	52.0	10.0	3	7	5	16	3	14	3
7.0	38.0	28.0	2	9	7	29	3
27.0	68.0	7.0	4	6	10	5	5	22	3	17	3
30.0	48.0	15.0	3	5	5	26	2	9	2
43.0	67.0	14.0	4	6	12	4	10	4	6	24	3
58.0	48.0	6.0	4	5	14	5	12	26	2	14	2
58.0	27.0	19.0	1	12	3
37.0	69.0	11.0	3	6	10	16	4	9	2
38.0	46.0	12.0	1	15	3
46.0	10.0	23.0	2	5	6	16	3
61.0	33.0	26.0	4	6	14	7	7	31	4	7	4
62.0	63.0	17.0	2	7	10	6	7
63.0	69.0	6.0	2	28	2	12	2
32.0	22.0	9.0	4	5	11	5	10	15	7	30	3
45.0	35.0	15.0	3	6	8	7	5	13	3
59.0	15.0	14.0	3	11	6	8	5	23	3
5.0	6.0	7.0	1	6	6
10.0	17.0	27.0	2	7	13	27	2
21.0	10.0	13.0	4	15	6	16	4	20	2	13	2
5.0	64.0	11.0	4	16	6	22	4	17	3	22	2
30.0	15.0	16.0	1	32	4
39.0	10.0	10.0	1	7	2
32.0	39.0	5.0	2	31	3	18	3
25.0	32.0	25.0	1	16	4
25.0	55.0	17.0	3	4	13	9	6	8	4
48.0	28.0	18.0	2	5	11	30	3
56.0	37.0	10.0	4	6	12	28	3	30	2	21	2