# x   |  y    | demand	| numItems | l - w (for each item)
0.0	0.0	0.0	0
-12.0	-6.0	7063.0	1	7	15
-15.0	-5.0	51.0	3	4	8	12	7	9	7
-1.0	-18.0	23.0	2	24	3	21	3
2.0	-21.0	3074.0	3	4	9	5	7	9	6
-1.0	-17.0	349.0	3	12	6	24	4	10	4
-9.0	-12.0	1047.0	1	20	3
2.0	-22.0	698.0	3	15	7	9	7	15	3
1.0	-21.0	3001.0	3	14	6	19	4	28	2
7.0	-25.0	31.0	1	4	7
-7.0	-17.0	1135.0	1	13	7
-11.0	-5.0	21611.0	3	7	12	12	7	31	2
-14.0	-9.0	57.0	2	5	7	17	3
-14.0	-8.0	51.0	2	9	6	13	5
-11.0	-2.0	551.0	3	27	4	13	4	8	4
-14.0	-5.0	179.0	3	8	9	8	5	16	4
-15.0	-9.0	6.0	3	6	11	6	11	12	6
-15.0	-8.0	528.0	2	6	14	7	7
-9.0	-6.0	2832.0	3	27	3	24	3	17	3
-14.0	-4.0	1514.0	1	9	7
3.0	6.0	889.0	1	16	4
5.0	9.0	2554.0	1	23	2
5.0	10.0	1215.0	3	7	8	13	6	20	2
2.0	8.0	1810.0	3	15	6	14	5	25	3
1.0	9.0	3050.0	3	5	9	8	7	14	6
1.0	10.0	4.0	2	8	9	10	6
2.0	9.0	1563.0	3	14	6	26	2	13	2
6.0	14.0	741.0	2	8	13	23	2
5.0	12.0	1532.0	3	5	16	12	5	25	4
3.0	7.0	709.0	2	6	11	25	3
4.0	8.0	1022.0	2	7	14	15	5
-6.0	1.0	883.0	3	6	16	5	15	17	2
-6.0	2.0	1689.0	3	4	8	30	4	26	3
-8.0	-2.0	10235.0	1	13	8
-7.0	2.0	29.0	3	5	9	14	8	29	4
-7.0	-3.0	2894.0	3	14	7	9	5	13	4
-7.0	-2.0	450.0	3	4	13	5	11	31	3
-20.0	12.0	411.0	1	10	4
-20.0	13.0	207.0	2	13	6	13	3
-12.0	10.0	496.0	3	7	10	15	8	10	6
-20.0	15.0	1021.0	3	6	7	14	5	31	3
-6.0	8.0	117.0	3	7	10	9	7	19	3
2.0	21.0	46.0	1	10	6
2.0	22.0	8.0	1	4	10
1.0	21.0	18.0	2	5	14	16	2
-1.0	24.0	561.0	2	7	11	7	11
1.0	22.0	1877.0	1	14	7
-2.0	20.0	3542.0	2	9	7	11	6
-2.0	21.0	801.0	3	25	3	31	2	30	2
-4.0	18.0	967.0	1	17	3
-4.0	19.0	62.0	1	16	4
-5.0	18.0	1366.0	3	16	8	8	7	25	4
-5.0	26.0	230.0	3	9	8	12	6	10	5
1.0	23.0	4.0	1	6	16
-6.0	5.0	12.0	3	5	14	15	7	22	2
-6.0	6.0	145.0	3	6	11	17	4	32	2
-9.0	6.0	7149.0	1	19	4
-9.0	7.0	2250.0	3	6	11	14	4	12	4
-12.0	5.0	383.0	3	16	5	31	2	24	2
-12.0	6.0	134.0	1	15	3
-11.0	3.0	1947.0	1	26	3
-11.0	4.0	182.0	1	4	9
-14.0	4.0	3934.0	1	14	3
-14.0	5.0	468.0	1	5	16
-15.0	4.0	18.0	2	6	9	24	4
-15.0	5.0	133.0	1	8	5
-16.0	7.0	2340.0	3	8	8	20	3	17	3
-16.0	8.0	754.0	2	6	7	5	7
-15.0	10.0	1264.0	3	11	7	10	7	9	7
-20.0	10.0	806.0	1	6	7
-5.0	19.0	3665.0	3	10	7	5	7	13	3
-9.0	-11.0	2452.0	1	6	16