# x   |  y    | demand	| numItems | l - w (for each item)
0.0	0.0	0.0	0
-12.0	-6.0	7063.0	5	6	5	10	4	5	3	5	3	16	2
-15.0	-5.0	51.0	2	8	3	17	2
-1.0	-18.0	23.0	1	13	3
2.0	-21.0	3074.0	3	8	6	13	4	21	3
-1.0	-17.0	349.0	3	8	11	6	6	13	4
-9.0	-12.0	1047.0	1	17	2
2.0	-22.0	698.0	4	9	6	8	4	21	2	6	2
1.0	-21.0	3001.0	5	4	10	9	5	8	5	10	4	19	3
7.0	-25.0	31.0	2	6	8	11	4
-7.0	-17.0	1135.0	5	23	3	4	3	4	3	12	2	9	2
-11.0	-5.0	21611.0	3	6	4	14	3	24	2
-14.0	-9.0	57.0	3	6	7	7	4	7	3
-14.0	-8.0	51.0	1	5	3
-11.0	-2.0	551.0	3	9	4	8	4	7	3
-14.0	-5.0	179.0	3	6	11	11	3	10	3
-15.0	-9.0	6.0	5	8	11	7	5	18	3	7	3	5	3
-15.0	-8.0	528.0	5	10	4	5	4	23	3	5	3	23	2
-9.0	-6.0	2832.0	5	8	9	4	8	7	6	7	5	13	4
-14.0	-4.0	1514.0	2	4	4	8	3
3.0	6.0	889.0	5	5	5	16	3	14	3	11	3	15	2
5.0	9.0	2554.0	3	6	8	11	2	6	2
5.0	10.0	1215.0	2	5	9	5	3
2.0	8.0	1810.0	3	5	6	9	5	10	4
1.0	9.0	3050.0	1	8	2
1.0	10.0	4.0	1	11	4
2.0	9.0	1563.0	1	4	11
6.0	14.0	741.0	2	5	10	5	5
5.0	12.0	1532.0	5	7	11	19	4	7	4	7	4	5	4
3.0	7.0	709.0	5	6	7	8	6	7	6	9	5	7	3
4.0	8.0	1022.0	4	7	12	6	10	6	9	5	4
-6.0	1.0	883.0	4	7	8	7	5	10	3	7	2
-6.0	2.0	1689.0	5	5	11	8	3	6	3	11	2	8	2
-8.0	-2.0	10235.0	3	7	12	20	3	11	3
-7.0	2.0	29.0	1	6	4
-7.0	-3.0	2894.0	5	7	7	23	3	15	3	9	3	7	3
-7.0	-2.0	450.0	3	6	6	12	5	7	5
-20.0	12.0	411.0	3	5	11	5	9	5	2
-20.0	13.0	207.0	5	7	11	5	11	5	10	7	9	8	3
-12.0	10.0	496.0	4	7	9	17	4	17	3	12	2
-20.0	15.0	1021.0	3	8	6	22	3	7	2
-6.0	8.0	117.0	1	16	4
2.0	21.0	46.0	4	10	6	12	5	14	3	11	3
2.0	22.0	8.0	4	5	5	12	4	8	4	15	2
1.0	21.0	18.0	5	6	11	17	4	14	4	7	4	6	2
-1.0	24.0	561.0	2	9	5	4	5
1.0	22.0	1877.0	2	6	6	12	5
-2.0	20.0	3542.0	1	18	4
-2.0	21.0	801.0	3	6	8	9	6	11	4
-4.0	18.0	967.0	3	16	3	7	3	6	3
-4.0	19.0	62.0	3	5	7	19	3	8	3
-5.0	18.0	1366.0	4	10	4	5	4	12	2	9	2
-5.0	26.0	230.0	2	12	4	17	2
1.0	23.0	4.0	2	5	10	8	3
-6.0	5.0	12.0	5	8	8	9	5	12	4	11	4	8	3
-6.0	6.0	145.0	4	6	9	12	3	12	3	7	3
-9.0	6.0	7149.0	5	7	11	5	5	23	3	10	3	5	3
-9.0	7.0	2250.0	5	8	5	7	4	21	3	19	3	15	3
-12.0	5.0	383.0	1	13	3
-12.0	6.0	134.0	4	4	12	4	5	7	3	5	3
-11.0	3.0	1947.0	1	8	5
-11.0	4.0	182.0	3	5	5	22	3	4	3
-14.0	4.0	3934.0	5	6	12	5	5	19	4	20	3	8	3
-14.0	5.0	468.0	2	15	3	8	3
-15.0	4.0	18.0	4	4	11	10	5	6	5	14	4
-15.0	5.0	133.0	5	9	6	13	4	13	3	5	3	9	2
-16.0	7.0	2340.0	4	6	4	7	3	21	2	7	2
-16.0	8.0	754.0	5	5	9	6	6	4	5	6	4	4	4
-15.0	10.0	1264.0	1	5	2
-20.0	10.0	806.0	2	8	4	20	2
-5.0	19.0	3665.0	1	8	4
-9.0	-11.0	2452.0	4	7	4	4	4	14	3	8	3