# x   |  y    | demand	| numItems | l - w (for each item)
40.0	40.0	0.0	0
22.0	22.0	18.0	2	7	11	11	6
36.0	26.0	26.0	3	15	7	6	5	13	3
21.0	45.0	11.0	3	15	4	6	4	15	3
45.0	35.0	30.0	1	6	9
55.0	20.0	21.0	3	4	12	15	8	14	2
33.0	34.0	19.0	2	5	7	8	4
50.0	50.0	15.0	3	5	9	27	4	22	3
55.0	45.0	16.0	3	8	11	12	5	14	3
26.0	59.0	29.0	3	4	11	4	10	26	3
40.0	66.0	26.0	3	8	13	12	6	13	3
55.0	65.0	37.0	4	6	14	8	8	28	3	16	3
35.0	51.0	16.0	1	6	6
62.0	35.0	12.0	4	6	8	26	4	31	3	8	3
62.0	57.0	31.0	3	11	6	26	3	15	3
62.0	24.0	8.0	3	5	11	16	6	19	4
21.0	36.0	19.0	2	4	6	14	4
33.0	44.0	20.0	4	8	12	4	7	19	4	16	3
9.0	56.0	13.0	2	5	4	12	3
62.0	48.0	15.0	4	6	12	7	11	16	4	24	3
66.0	14.0	22.0	2	21	4	15	4
44.0	13.0	28.0	1	7	4
26.0	13.0	12.0	2	22	4	12	3
11.0	28.0	6.0	1	4	9
7.0	43.0	27.0	4	6	11	6	10	9	6	7	3
17.0	64.0	14.0	4	25	4	18	4	5	4	19	3
41.0	46.0	18.0	4	8	7	5	5	29	3	20	3
55.0	34.0	17.0	4	4	14	5	10	12	4	6	3
35.0	16.0	29.0	2	8	12	21	4
52.0	26.0	13.0	2	13	7	4	3
43.0	26.0	22.0	4	4	11	16	7	15	4	12	4
31.0	76.0	25.0	3	25	4	23	3	16	3
22.0	53.0	28.0	1	7	5
26.0	29.0	27.0	3	14	6	8	6	13	4
50.0	40.0	19.0	4	6	12	6	10	14	4	15	3
55.0	50.0	10.0	4	7	14	7	6	10	4	18	3
54.0	10.0	12.0	1	4	7
60.0	15.0	14.0	4	4	12	5	6	13	3	27	2
47.0	66.0	24.0	1	25	3
30.0	60.0	16.0	4	6	8	14	6	8	5	18	2
30.0	50.0	33.0	1	12	7
12.0	17.0	15.0	2	6	8	14	6
15.0	14.0	11.0	1	14	6
16.0	19.0	18.0	2	26	2	13	2
21.0	48.0	17.0	2	13	6	18	3
50.0	30.0	21.0	4	8	7	4	6	23	2	7	2
51.0	42.0	27.0	1	12	4
50.0	15.0	19.0	2	21	3	11	3
48.0	21.0	20.0	4	15	3	13	3	8	3	7	2
12.0	38.0	5.0	3	8	14	4	13	13	4
15.0	56.0	22.0	3	4	7	6	6	14	3
29.0	39.0	12.0	3	8	7	5	6	30	4
54.0	38.0	19.0	1	13	3
55.0	57.0	22.0	4	5	10	6	9	9	5	22	3
67.0	41.0	16.0	2	16	6	7	4
10.0	70.0	7.0	4	6	10	6	7	5	7	21	3
6.0	25.0	26.0	2	4	11	12	3
65.0	27.0	14.0	1	14	3
40.0	60.0	21.0	4	4	9	13	6	15	5	29	4
70.0	64.0	24.0	2	4	4	7	3
64.0	4.0	13.0	2	4	11	7	5
36.0	6.0	15.0	3	5	6	20	4	16	2
30.0	20.0	18.0	3	7	11	20	3	11	2
20.0	30.0	11.0	4	6	13	6	10	30	3	20	2
15.0	5.0	28.0	3	7	13	6	6	21	3
50.0	70.0	9.0	1	14	6
57.0	72.0	37.0	3	20	4	5	4	28	3
45.0	42.0	30.0	3	6	12	14	5	8	2
38.0	33.0	10.0	3	5	9	16	3	4	3
50.0	4.0	8.0	3	4	13	5	10	27	3
66.0	8.0	11.0	3	13	8	6	8	11	4
59.0	5.0	3.0	1	7	8
35.0	60.0	1.0	1	18	2
27.0	24.0	6.0	3	8	6	9	3	18	2
40.0	20.0	10.0	2	26	3	11	2
40.0	37.0	20.0	4	12	7	25	4	26	3	19	2