# x   |  y    | demand	| numItems | l - w (for each item)
40.0	40.0	0.0	0
22.0	22.0	18.0	2	6	14	6	9
36.0	26.0	26.0	3	4	12	7	10	18	3
21.0	45.0	11.0	1	17	4
45.0	35.0	30.0	2	10	7	16	2
55.0	20.0	21.0	1	13	3
33.0	34.0	19.0	3	7	8	7	5	21	4
50.0	50.0	15.0	3	7	14	24	4	25	2
55.0	45.0	16.0	3	6	5	18	3	26	2
26.0	59.0	29.0	2	7	6	7	4
40.0	66.0	26.0	2	5	12	7	8
55.0	65.0	37.0	3	4	14	8	9	5	5
35.0	51.0	16.0	3	11	5	23	3	19	3
62.0	35.0	12.0	1	19	3
62.0	57.0	31.0	4	10	6	7	5	6	4	10	3
62.0	24.0	8.0	4	13	7	12	4	29	3	14	3
21.0	36.0	19.0	1	29	4
33.0	44.0	20.0	4	9	7	6	6	9	5	17	2
9.0	56.0	13.0	4	7	12	6	12	28	3	15	2
62.0	48.0	15.0	2	8	10	5	7
66.0	14.0	22.0	4	7	10	8	8	11	6	10	5
44.0	13.0	28.0	4	5	13	7	7	6	4	12	2
26.0	13.0	12.0	1	7	12
11.0	28.0	6.0	2	6	4	22	3
7.0	43.0	27.0	1	14	6
17.0	64.0	14.0	4	13	6	8	6	21	3	4	3
41.0	46.0	18.0	3	7	10	15	3	11	3
55.0	34.0	17.0	3	12	6	19	4	12	4
35.0	16.0	29.0	3	4	9	10	6	8	3
52.0	26.0	13.0	4	7	6	26	3	12	3	32	2
43.0	26.0	22.0	1	5	13
31.0	76.0	25.0	1	27	3
22.0	53.0	28.0	4	5	6	7	5	15	4	14	3
26.0	29.0	27.0	2	6	14	6	9
50.0	40.0	19.0	2	5	9	22	3
55.0	50.0	10.0	3	15	4	25	3	20	3
54.0	10.0	12.0	1	8	12
60.0	15.0	14.0	4	14	8	6	5	15	2	13	2
47.0	66.0	24.0	3	6	8	7	5	24	3
30.0	60.0	16.0	1	28	3
30.0	50.0	33.0	4	6	5	4	5	25	4	10	2
12.0	17.0	15.0	2	6	12	7	5
15.0	14.0	11.0	4	10	5	19	4	20	3	28	2
16.0	19.0	18.0	4	7	6	24	3	23	3	26	2
21.0	48.0	17.0	3	6	4	22	3	6	3
50.0	30.0	21.0	1	5	7
51.0	42.0	27.0	3	4	14	16	7	7	7
50.0	15.0	19.0	2	5	7	11	5
48.0	21.0	20.0	4	5	10	14	7	26	3	19	3
12.0	38.0	5.0	2	12	5	20	3
15.0	56.0	22.0	4	8	13	6	12	7	11	16	3
29.0	39.0	12.0	2	16	6	25	2
54.0	38.0	19.0	1	25	3
55.0	57.0	22.0	3	5	11	10	5	12	3
67.0	41.0	16.0	2	5	8	19	3
10.0	70.0	7.0	1	11	3
6.0	25.0	26.0	2	9	6	8	5
65.0	27.0	14.0	2	5	11	14	3
40.0	60.0	21.0	3	6	11	8	6	11	3
70.0	64.0	24.0	4	5	14	5	14	6	7	31	3
64.0	4.0	13.0	1	7	8
36.0	6.0	15.0	4	7	14	15	7	9	5	15	2
30.0	20.0	18.0	4	6	13	6	7	4	6	26	3
20.0	30.0	11.0	2	6	13	12	3
15.0	5.0	28.0	3	6	14	10	8	8	7
50.0	70.0	9.0	1	5	14
57.0	72.0	37.0	4	9	7	17	4	5	3	15	2
45.0	42.0	30.0	4	7	13	8	8	7	7	14	3
38.0	33.0	10.0	3	5	9	4	8	10	6
50.0	4.0	8.0	3	12	6	8	6	12	3
66.0	8.0	11.0	1	6	8
59.0	5.0	3.0	4	6	13	7	7	7	6	4	5
35.0	60.0	1.0	1	28	3
27.0	24.0	6.0	3	8	11	6	11	18	3
40.0	20.0	10.0	2	6	11	31	2
40.0	37.0	20.0	3	14	7	8	7	7	6