# x   |  y    | demand	| numItems | h - w (for each item)	
40.0	40.0	0.0	0
22.0	22.0	18.0	3	13	7	11	7	10	5
36.0	26.0	26.0	3	6	10	6	6	9	4
21.0	45.0	11.0	2	7	7	8	5
45.0	35.0	30.0	3	5	8	8	7	27	2
55.0	20.0	21.0	3	12	8	9	6	24	4
33.0	34.0	19.0	3	8	13	5	13	9	7
50.0	50.0	15.0	1	10	7
55.0	45.0	16.0	1	8	10			
26.0	59.0	29.0	3	7	12	27	3	30	2
40.0	66.0	26.0	1	11	6
55.0	65.0	37.0	1	7	13
35.0	51.0	16.0	3	11	5	12	4	13	3
62.0	35.0	12.0	1	9	7
62.0	57.0	31.0	2	6	10	13	6		
62.0	24.0	8.0	3	7	12	10	6	31	2
21.0	36.0	19.0	1	26	2				
33.0	44.0	20.0	1	20	4				
9.0	56.0	13.0	1	14	3				
62.0	48.0	15.0	3	5	12	11	7	10	5
66.0	14.0	22.0	3	5	14	13	7	17	3
44.0	13.0	28.0	3	15	7	8	6	10	5
26.0	13.0	12.0	2	6	15	8	8		
11.0	28.0	6.0	3	4	7	15	6	32	2
7.0	43.0	27.0	2	7	13	13	6		
17.0	64.0	14.0	1	7	13				
41.0	46.0	18.0	1	20	2				
55.0	34.0	17.0	3	6	10	4	8	5	7
35.0	16.0	29.0	2	12	5	26	3		
52.0	26.0	13.0	3	6	12	8	6	21	3
43.0	26.0	22.0	2	4	15	14	6		
31.0	76.0	25.0	2	13	5	12	3		
22.0	53.0	28.0	3	7	15	10	6	25	2
26.0	29.0	27.0	1	5	6				
50.0	40.0	19.0	1	13	2				
55.0	50.0	10.0	3	8	14	6	11	9	5
54.0	10.0	12.0	3	4	9	13	6	16	5
60.0	15.0	14.0	1	14	8				
47.0	66.0	24.0	2	4	16	15	6		
30.0	60.0	16.0	1	14	3				
30.0	50.0	33.0	3	11	7	15	3	30	2
12.0	17.0	15.0	1	10	5				
15.0	14.0	11.0	1	21	3				
16.0	19.0	18.0	3	28	3	24	3	18	3
21.0	48.0	17.0	1	8	10				
50.0	30.0	21.0	2	8	13	6	8		
51.0	42.0	27.0	3	4	13	6	9	23	3
50.0	15.0	19.0	2	12	6	27	3		
48.0	21.0	20.0	1	7	13				
12.0	38.0	5.0	3	13	6	31	3	23	3
15.0	56.0	22.0	3	6	16	7	13	8	8
29.0	39.0	12.0	2	6	8	26	2		
54.0	38.0	19.0	3	5	11	7	9	14	8
55.0	57.0	22.0	2	5	15	18	2		
67.0	41.0	16.0	2	6	10	24	3		
10.0	70.0	7.0	1	6	10				
6.0	25.0	26.0	3	7	8	15	7	30	3
65.0	27.0	14.0	2	15	3	18	2		
40.0	60.0	21.0	2	5	7	20	2		
70.0	64.0	24.0	3	8	13	7	9	14	7
64.0	4.0	13.0	1	21	3				
36.0	6.0	15.0	2	7	14	25	3		
30.0	20.0	18.0	3	7	16	16	5	26	2
20.0	30.0	11.0	3	4	13	7	9	8	8
15.0	5.0	28.0	3	7	7	30	4	28	2
50.0	70.0	9.0	3	6	15	5	9	13	7
57.0	72.0	37.0	3	8	13	15	6	18	3
45.0	42.0	30.0	3	6	15	6	11	6	11
38.0	33.0	10.0	3	7	8	6	8	10	6
50.0	4.0	8.0	1	15	6
66.0	8.0	11.0	3	31	3	27	3	21	3
59.0	5.0	3.0	3	6	10	15	8	9	5
35.0	60.0	1.0	3	5	16	6	8	13	7
27.0	24.0	6.0	2	10	7	10	6
40.0	20.0	10.0	3	15	6	14	6	19	2
40.0	37.0	20.0	1	7	9