# x   |  y    | demand	| numItems | l - w (for each item)
40.0	40.0	0.0	0
22.0	22.0	18.0	1	9	10
36.0	26.0	26.0	1	17	2
21.0	45.0	11.0	1	10	4
45.0	35.0	30.0	2	13	5	25	3
55.0	20.0	21.0	2	6	10	34	3
33.0	34.0	19.0	1	19	8
50.0	50.0	15.0	2	25	3	26	2
55.0	45.0	16.0	2	10	4	26	3
26.0	59.0	29.0	2	7	10	27	3
40.0	66.0	26.0	2	8	17	20	3
55.0	65.0	37.0	2	6	12	10	4
35.0	51.0	16.0	2	8	9	17	3
62.0	35.0	12.0	1	25	3
62.0	57.0	31.0	2	5	16	13	5
62.0	24.0	8.0	1	6	18
21.0	36.0	19.0	1	5	9
33.0	44.0	20.0	2	8	17	6	12
9.0	56.0	13.0	1	6	10
62.0	48.0	15.0	1	7	14
66.0	14.0	22.0	1	4	11
44.0	13.0	28.0	2	5	15	12	9
26.0	13.0	12.0	1	22	2
11.0	28.0	6.0	1	7	9
7.0	43.0	27.0	1	12	5
17.0	64.0	14.0	2	10	6	35	4
41.0	46.0	18.0	1	14	8
55.0	34.0	17.0	1	9	8
35.0	16.0	29.0	1	8	16
52.0	26.0	13.0	1	6	9
43.0	26.0	22.0	2	4	13	6	8
31.0	76.0	25.0	1	34	4
22.0	53.0	28.0	1	29	2
26.0	29.0	27.0	1	14	8
50.0	40.0	19.0	1	7	8
55.0	50.0	10.0	2	7	11	30	2
54.0	10.0	12.0	1	6	16
60.0	15.0	14.0	1	8	11
47.0	66.0	24.0	2	34	4	25	2
30.0	60.0	16.0	2	7	9	20	6
30.0	50.0	33.0	1	25	2
12.0	17.0	15.0	2	5	10	15	9
15.0	14.0	11.0	2	8	9	36	3
16.0	19.0	18.0	1	6	11
21.0	48.0	17.0	2	7	14	18	7
50.0	30.0	21.0	2	24	4	29	3
51.0	42.0	27.0	1	13	8
50.0	15.0	19.0	1	15	7
48.0	21.0	20.0	2	6	14	34	3
12.0	38.0	5.0	2	7	18	32	3
15.0	56.0	22.0	1	25	3
29.0	39.0	12.0	1	6	17
54.0	38.0	19.0	1	5	16
55.0	57.0	22.0	1	7	18
67.0	41.0	16.0	2	19	10	27	2
10.0	70.0	7.0	2	7	15	23	3
6.0	25.0	26.0	2	6	18	6	8
65.0	27.0	14.0	1	26	4
40.0	60.0	21.0	1	30	3
70.0	64.0	24.0	1	22	3
64.0	4.0	13.0	1	17	6
36.0	6.0	15.0	2	6	18	7	10
30.0	20.0	18.0	2	7	17	22	3
20.0	30.0	11.0	1	16	3
15.0	5.0	28.0	2	11	5	28	3
50.0	70.0	9.0	2	15	8	19	3
57.0	72.0	37.0	2	19	8	35	4
45.0	42.0	30.0	2	17	10	10	8
38.0	33.0	10.0	2	35	4	26	3
50.0	4.0	8.0	1	11	6
66.0	8.0	11.0	2	19	7	12	5
59.0	5.0	3.0	2	7	16	16	9
35.0	60.0	1.0	2	4	17	9	10
27.0	24.0	6.0	2	9	9	13	5
40.0	20.0	10.0	1	6	8
40.0	37.0	20.0	2	23	4	21	2