# x   |  y    | demand	| numItems | l - w (for each item)
40.0	40.0	0.0	0
22.0	22.0	18.0	2	5	15	23	3
36.0	26.0	26.0	1	7	9
21.0	45.0	11.0	1	15	6
45.0	35.0	30.0	3	8	10	8	7	23	2
55.0	20.0	21.0	1	5	11
33.0	34.0	19.0	2	22	3	13	2
50.0	50.0	15.0	2	6	12	12	5
55.0	45.0	16.0	2	8	7	5	6
26.0	59.0	29.0	2	10	7	26	3
40.0	66.0	26.0	3	14	5	10	5	27	3
55.0	65.0	37.0	3	7	12	14	8	14	4
35.0	51.0	16.0	1	9	7
62.0	35.0	12.0	2	15	7	12	3
62.0	57.0	31.0	1	15	4
62.0	24.0	8.0	1	15	4
21.0	36.0	19.0	1	6	11
33.0	44.0	20.0	3	5	15	7	14	15	6
9.0	56.0	13.0	1	29	3
62.0	48.0	15.0	1	5	11
66.0	14.0	22.0	3	5	15	12	7	15	5
44.0	13.0	28.0	3	7	7	25	3	21	2
26.0	13.0	12.0	3	4	12	13	6	12	3
11.0	28.0	6.0	2	31	4	25	4
7.0	43.0	27.0	3	8	8	28	3	22	3
17.0	64.0	14.0	2	5	8	5	7
41.0	46.0	18.0	1	12	6
55.0	34.0	17.0	3	13	6	8	5	16	3
35.0	16.0	29.0	3	5	10	28	3	24	3
52.0	26.0	13.0	3	13	8	12	7	29	4
43.0	26.0	22.0	3	5	11	27	3	27	3
31.0	76.0	25.0	2	5	7	27	3
22.0	53.0	28.0	2	9	5	19	3
26.0	29.0	27.0	2	13	3	20	2
50.0	40.0	19.0	2	7	12	5	10
55.0	50.0	10.0	3	4	9	13	7	20	3
54.0	10.0	12.0	3	4	7	13	6	12	4
60.0	15.0	14.0	3	5	9	13	5	16	3
47.0	66.0	24.0	1	8	4
30.0	60.0	16.0	2	12	6	12	4
30.0	50.0	33.0	1	10	5
12.0	17.0	15.0	3	8	14	13	7	18	2
15.0	14.0	11.0	1	6	11
16.0	19.0	18.0	1	29	2
21.0	48.0	17.0	2	4	10	12	5
50.0	30.0	21.0	1	26	3
51.0	42.0	27.0	2	7	15	15	5
50.0	15.0	19.0	3	7	8	4	7	28	3
48.0	21.0	20.0	3	24	4	15	4	32	3
12.0	38.0	5.0	1	18	3
15.0	56.0	22.0	1	5	16
29.0	39.0	12.0	3	6	16	5	13	12	5
54.0	38.0	19.0	1	7	11
55.0	57.0	22.0	2	6	8	23	3
67.0	41.0	16.0	3	6	13	23	3	13	3
10.0	70.0	7.0	2	8	6	16	5
6.0	25.0	26.0	1	8	8
65.0	27.0	14.0	2	9	7	26	2
40.0	60.0	21.0	3	4	12	13	8	32	3
70.0	64.0	24.0	1	30	2
64.0	4.0	13.0	2	7	15	15	8
36.0	6.0	15.0	3	5	13	16	4	31	3
30.0	20.0	18.0	2	7	16	8	7
20.0	30.0	11.0	3	6	15	5	12	16	4
15.0	5.0	28.0	1	5	9
50.0	70.0	9.0	3	6	9	6	6	10	5
57.0	72.0	37.0	2	14	4	24	3
45.0	42.0	30.0	1	7	11
38.0	33.0	10.0	3	11	8	13	6	23	3
50.0	4.0	8.0	3	5	14	5	7	19	4
66.0	8.0	11.0	3	6	13	5	8	21	3
59.0	5.0	3.0	1	19	3
35.0	60.0	1.0	3	12	6	30	3	20	3
27.0	24.0	6.0	1	7	9
40.0	20.0	10.0	3	16	8	5	8	16	6
40.0	37.0	20.0	1	24	4