# x   |  y    | demand	| numItems | l - w (for each item)
40.0	40.0	0.0	0
22.0	22.0	18.0	1	21	2
36.0	26.0	26.0	1	11	6
21.0	45.0	11.0	3	6	10	6	9	18	4
45.0	35.0	30.0	1	7	15
55.0	20.0	21.0	3	10	7	7	7	17	3
33.0	34.0	19.0	3	17	3	16	3	14	3
50.0	50.0	15.0	2	15	6	12	4
55.0	45.0	16.0	1	11	7
26.0	59.0	29.0	3	7	15	13	5	11	5
40.0	66.0	26.0	3	4	16	12	8	21	3
55.0	65.0	37.0	2	13	7	19	4
35.0	51.0	16.0	2	8	15	11	6
62.0	35.0	12.0	1	15	4
62.0	57.0	31.0	3	6	9	6	9	9	6
62.0	24.0	8.0	2	7	13	27	3
21.0	36.0	19.0	3	5	11	7	9	9	6
33.0	44.0	20.0	3	8	15	12	5	19	3
9.0	56.0	13.0	3	13	7	18	3	13	3
62.0	48.0	15.0	2	5	15	31	4
66.0	14.0	22.0	1	19	3
44.0	13.0	28.0	1	18	3
26.0	13.0	12.0	2	7	14	8	7
11.0	28.0	6.0	1	6	10
7.0	43.0	27.0	3	9	6	21	4	16	4
17.0	64.0	14.0	2	5	14	15	6
41.0	46.0	18.0	2	16	4	27	3
55.0	34.0	17.0	3	5	13	15	7	20	3
35.0	16.0	29.0	3	7	10	24	3	24	3
52.0	26.0	13.0	1	15	3
43.0	26.0	22.0	2	7	11	13	7
31.0	76.0	25.0	3	6	15	4	13	6	7
22.0	53.0	28.0	3	15	8	11	6	29	4
26.0	29.0	27.0	2	27	3	23	2
50.0	40.0	19.0	3	6	13	6	10	15	6
55.0	50.0	10.0	2	17	4	18	2
54.0	10.0	12.0	3	5	12	7	11	23	4
60.0	15.0	14.0	1	18	2
47.0	66.0	24.0	1	11	8
30.0	60.0	16.0	2	5	8	22	2
30.0	50.0	33.0	1	12	5
12.0	17.0	15.0	2	8	7	12	4
15.0	14.0	11.0	1	8	10
16.0	19.0	18.0	1	18	3
21.0	48.0	17.0	3	7	13	10	7	10	5
50.0	30.0	21.0	3	6	11	9	5	19	2
51.0	42.0	27.0	3	14	5	23	4	24	3
50.0	15.0	19.0	3	7	7	25	3	20	2
48.0	21.0	20.0	3	5	10	13	8	12	5
12.0	38.0	5.0	2	6	9	10	4
15.0	56.0	22.0	1	7	13
29.0	39.0	12.0	2	23	3	18	2
54.0	38.0	19.0	2	7	15	16	5
55.0	57.0	22.0	3	13	7	8	6	22	2
67.0	41.0	16.0	1	13	8
10.0	70.0	7.0	2	9	6	31	2
6.0	25.0	26.0	1	4	15
65.0	27.0	14.0	3	14	6	10	6	6	6
40.0	60.0	21.0	1	8	15
70.0	64.0	24.0	2	5	11	9	7
64.0	4.0	13.0	3	6	10	16	6	30	3
36.0	6.0	15.0	3	5	12	21	3	13	3
30.0	20.0	18.0	2	4	9	5	6
20.0	30.0	11.0	3	6	15	12	7	12	6
15.0	5.0	28.0	2	6	14	13	7
50.0	70.0	9.0	1	14	3
57.0	72.0	37.0	1	28	3
45.0	42.0	30.0	1	27	3
38.0	33.0	10.0	1	13	5
50.0	4.0	8.0	1	29	3
66.0	8.0	11.0	3	5	14	12	4	15	3
59.0	5.0	3.0	1	11	8
35.0	60.0	1.0	1	4	13
27.0	24.0	6.0	1	14	5
40.0	20.0	10.0	2	5	16	4	13
40.0	37.0	20.0	3	7	16	7	13	29	3