# x   |  y    | demand	| numItems | l - w (for each item)
40.0	40.0	0.0	0
22.0	22.0	18.0	1	22	3
36.0	26.0	26.0	2	12	10	9	6
21.0	45.0	11.0	2	32	4	32	3
45.0	35.0	30.0	2	7	12	26	3
55.0	20.0	21.0	2	7	15	28	4
33.0	34.0	19.0	2	29	3	31	2
50.0	50.0	15.0	1	18	6
55.0	45.0	16.0	2	18	7	30	4
26.0	59.0	29.0	1	7	15
40.0	66.0	26.0	1	28	2
55.0	65.0	37.0	1	17	2
35.0	51.0	16.0	2	7	16	33	3
62.0	35.0	12.0	2	12	9	10	9
62.0	57.0	31.0	1	34	2
62.0	24.0	8.0	2	6	9	32	3
21.0	36.0	19.0	2	19	7	35	4
33.0	44.0	20.0	1	19	4
9.0	56.0	13.0	1	25	4
62.0	48.0	15.0	2	11	9	11	9
66.0	14.0	22.0	2	7	13	28	3
44.0	13.0	28.0	1	36	3
26.0	13.0	12.0	2	6	18	13	9
11.0	28.0	6.0	2	6	15	5	8
7.0	43.0	27.0	2	34	3	26	3
17.0	64.0	14.0	1	7	12
41.0	46.0	18.0	2	5	8	33	3
55.0	34.0	17.0	2	7	11	17	10
35.0	16.0	29.0	2	19	9	29	2
52.0	26.0	13.0	2	6	16	29	3
43.0	26.0	22.0	2	7	15	16	6
31.0	76.0	25.0	1	17	4
22.0	53.0	28.0	2	17	3	25	2
26.0	29.0	27.0	2	9	8	17	3
50.0	40.0	19.0	2	7	10	18	4
55.0	50.0	10.0	1	5	17
54.0	10.0	12.0	2	5	18	17	9
60.0	15.0	14.0	2	32	3	21	2
47.0	66.0	24.0	2	7	14	9	5
30.0	60.0	16.0	2	7	15	18	7
30.0	50.0	33.0	2	27	4	27	4
12.0	17.0	15.0	2	35	3	29	2
15.0	14.0	11.0	1	15	9
16.0	19.0	18.0	2	7	13	11	8
21.0	48.0	17.0	2	6	10	25	4
50.0	30.0	21.0	1	5	12
51.0	42.0	27.0	1	21	2
50.0	15.0	19.0	2	7	13	11	6
48.0	21.0	20.0	2	19	7	19	6
12.0	38.0	5.0	2	16	10	22	3
15.0	56.0	22.0	2	12	7	28	3
29.0	39.0	12.0	2	6	13	19	2
54.0	38.0	19.0	2	5	9	28	3
55.0	57.0	22.0	2	29	3	28	2
67.0	41.0	16.0	2	12	4	9	4
10.0	70.0	7.0	2	35	4	16	4
6.0	25.0	26.0	2	6	17	17	8
65.0	27.0	14.0	2	6	14	16	9
40.0	60.0	21.0	2	17	3	16	3
70.0	64.0	24.0	1	8	14
64.0	4.0	13.0	2	5	14	4	11
36.0	6.0	15.0	1	5	17
30.0	20.0	18.0	1	32	4
20.0	30.0	11.0	2	6	11	27	3
15.0	5.0	28.0	2	5	18	17	3
50.0	70.0	9.0	1	19	7
57.0	72.0	37.0	1	11	6
45.0	42.0	30.0	1	12	10
38.0	33.0	10.0	1	19	9
50.0	4.0	8.0	1	32	2
66.0	8.0	11.0	2	6	11	14	7
59.0	5.0	3.0	2	15	7	13	6
35.0	60.0	1.0	2	27	3	28	2
27.0	24.0	6.0	1	17	5
40.0	20.0	10.0	1	4	18
40.0	37.0	20.0	1	7	12