# x   |  y    | demand	| numItems | l - w (for each item)
35.0	35.0	0.0	0
41.0	49.0	10.0	2	9	8	16	3
35.0	17.0	7.0	3	8	6	32	4	16	4
55.0	45.0	13.0	3	5	5	24	4	13	2
55.0	20.0	19.0	2	7	9	30	4
15.0	30.0	26.0	1	6	4
25.0	30.0	3.0	2	8	12	5	11
20.0	50.0	5.0	3	5	7	6	5	7	4
10.0	43.0	9.0	1	6	7
55.0	60.0	16.0	4	4	12	7	10	8	6	11	5
30.0	60.0	16.0	3	6	10	17	4	22	2
20.0	65.0	12.0	3	8	10	11	7	11	4
50.0	35.0	19.0	3	5	10	7	5	29	3
30.0	25.0	23.0	2	7	10	8	3
15.0	10.0	20.0	1	13	6
30.0	5.0	8.0	2	21	3	19	3
10.0	20.0	19.0	3	7	7	18	3	13	3
5.0	30.0	2.0	4	7	11	7	10	10	5	21	2
20.0	40.0	12.0	4	5	10	12	8	6	4	5	4
15.0	60.0	17.0	4	5	11	4	5	20	4	25	3
45.0	65.0	9.0	3	5	8	23	4	19	4
45.0	20.0	11.0	3	10	7	17	3	18	2
45.0	10.0	18.0	2	10	7	6	5
55.0	5.0	29.0	2	6	8	5	4
65.0	35.0	3.0	1	7	13
65.0	20.0	6.0	4	15	8	6	8	15	5	26	3
45.0	30.0	17.0	2	5	14	7	6
35.0	40.0	16.0	1	6	7
41.0	37.0	16.0	2	6	7	14	6
64.0	42.0	9.0	2	6	6	30	4
40.0	60.0	21.0	1	17	4
31.0	52.0	27.0	3	15	7	5	7	8	3
35.0	69.0	23.0	3	7	7	7	5	28	4
53.0	52.0	11.0	4	6	9	6	5	5	5	27	3
65.0	55.0	14.0	4	7	12	8	5	5	4	12	3
63.0	65.0	8.0	2	4	8	13	3
2.0	60.0	5.0	2	12	4	20	2
20.0	20.0	8.0	4	5	6	14	3	18	2	17	2
5.0	5.0	16.0	2	20	3	13	2
60.0	12.0	31.0	4	5	10	10	5	6	4	11	2
40.0	25.0	9.0	1	5	4
42.0	7.0	5.0	4	5	13	6	12	5	11	4	10
24.0	12.0	5.0	2	22	3	18	3
23.0	3.0	7.0	1	28	3
11.0	14.0	18.0	1	6	13
6.0	38.0	16.0	2	8	6	25	3
2.0	48.0	1.0	3	30	4	27	2	27	2
8.0	56.0	27.0	2	8	12	5	5
13.0	52.0	36.0	2	29	4	19	3
6.0	68.0	30.0	4	24	4	5	4	30	3	15	3
47.0	47.0	13.0	3	7	9	6	8	5	8
49.0	58.0	10.0	1	12	7
27.0	43.0	9.0	2	5	11	4	7
37.0	31.0	14.0	4	6	14	4	5	11	4	22	3
57.0	29.0	18.0	2	7	14	4	8
63.0	23.0	2.0	4	8	6	17	3	9	3	14	2
53.0	12.0	6.0	3	6	11	5	7	10	4
32.0	12.0	7.0	4	12	5	7	4	27	2	26	2
36.0	26.0	18.0	4	4	11	29	4	22	4	17	2
21.0	24.0	28.0	4	7	6	13	4	12	3	18	2
17.0	34.0	3.0	3	7	6	16	4	11	3
12.0	24.0	13.0	2	14	7	13	5
24.0	58.0	19.0	2	16	7	25	4
27.0	69.0	10.0	1	9	5
15.0	77.0	9.0	3	15	5	26	3	23	3
62.0	77.0	20.0	3	7	14	7	12	16	4
49.0	73.0	25.0	2	8	10	31	3
67.0	5.0	25.0	3	6	11	8	10	8	6
56.0	39.0	36.0	1	20	3
37.0	47.0	6.0	4	6	5	14	3	13	3	32	2
37.0	56.0	5.0	4	6	5	32	4	13	4	6	4
57.0	68.0	15.0	1	6	10
47.0	16.0	25.0	3	5	5	26	3	12	3
44.0	17.0	9.0	1	31	4
46.0	13.0	8.0	1	26	3
49.0	11.0	18.0	3	9	6	8	5	14	3
49.0	42.0	13.0	1	27	3
53.0	43.0	14.0	2	8	10	13	5
61.0	52.0	3.0	4	8	8	28	3	12	3	11	3
57.0	48.0	23.0	2	18	3	6	3
56.0	37.0	6.0	1	7	7
55.0	54.0	26.0	3	14	5	18	4	5	4
15.0	47.0	16.0	2	12	6	8	3
14.0	37.0	11.0	2	5	10	27	3
11.0	31.0	7.0	3	5	11	9	4	32	3
16.0	22.0	41.0	3	6	12	20	4	11	3
4.0	18.0	35.0	2	7	5	20	3
28.0	18.0	26.0	2	5	6	8	5
26.0	52.0	9.0	1	13	8
26.0	35.0	15.0	2	5	6	24	4
31.0	67.0	3.0	4	8	14	7	5	6	5	29	3
15.0	19.0	1.0	3	7	14	26	4	20	3
22.0	22.0	2.0	4	4	10	7	7	12	5	5	5
18.0	24.0	22.0	2	4	10	17	4
26.0	27.0	27.0	4	6	7	6	5	11	3	11	2
25.0	24.0	20.0	4	6	7	6	6	7	5	31	3
22.0	27.0	11.0	2	10	5	5	2
25.0	21.0	12.0	2	5	12	15	5
19.0	21.0	10.0	4	5	14	5	13	4	13	14	3
20.0	26.0	9.0	3	31	4	18	3	11	3
18.0	18.0	17.0	1	24	3