# x   |  y    | demand	| numItems | l - w (for each item)
40.0	50.0	0.0	0
45.0	68.0	10.0	1	14	7
45.0	70.0	30.0	3	5	13	9	7	31	2
42.0	66.0	10.0	2	14	3	14	3
42.0	68.0	10.0	1	16	6
42.0	65.0	10.0	2	7	11	19	4
40.0	69.0	20.0	3	8	15	8	15	5	9
40.0	66.0	20.0	1	5	16
38.0	68.0	20.0	1	26	2
38.0	70.0	10.0	2	4	9	6	7
35.0	66.0	10.0	2	12	6	12	5
35.0	69.0	10.0	3	6	14	10	7	27	3
25.0	85.0	20.0	1	13	4
22.0	75.0	30.0	3	7	11	8	6	22	4
22.0	85.0	10.0	2	10	4	13	2
20.0	80.0	40.0	2	32	3	26	2
20.0	85.0	40.0	3	5	9	13	7	17	3
18.0	75.0	20.0	1	17	3
15.0	75.0	20.0	2	7	10	14	6
15.0	80.0	10.0	3	7	15	7	15	5	9
30.0	50.0	10.0	2	12	8	9	5
30.0	52.0	20.0	3	8	11	8	8	20	4
28.0	52.0	20.0	1	14	3
28.0	55.0	10.0	1	19	3
25.0	50.0	10.0	1	14	7
25.0	52.0	40.0	1	11	7
25.0	55.0	10.0	3	5	9	19	3	19	2
23.0	52.0	10.0	3	7	9	6	6	14	5
23.0	55.0	20.0	1	17	3
20.0	50.0	10.0	3	15	8	11	4	23	3
20.0	55.0	10.0	2	7	9	9	6
10.0	35.0	20.0	3	5	14	5	12	18	3
10.0	40.0	30.0	1	13	3
8.0	40.0	40.0	3	6	9	7	7	19	3
8.0	45.0	20.0	1	12	7
5.0	35.0	10.0	1	16	3
5.0	45.0	10.0	2	6	15	14	5
2.0	40.0	20.0	2	31	4	31	3
0.0	40.0	30.0	1	7	15
0.0	45.0	20.0	2	13	8	14	6
35.0	30.0	10.0	3	9	4	28	3	24	2
35.0	32.0	10.0	2	12	8	14	5
33.0	32.0	20.0	2	7	7	10	4
33.0	35.0	10.0	1	16	5
32.0	30.0	10.0	1	5	11
30.0	30.0	10.0	1	20	2
30.0	32.0	30.0	2	5	7	15	3
30.0	35.0	10.0	1	21	3
28.0	30.0	10.0	3	7	11	9	8	12	4
28.0	35.0	10.0	3	8	9	15	6	9	6
26.0	32.0	10.0	3	6	10	14	4	25	3
25.0	30.0	10.0	2	4	14	28	2
25.0	35.0	10.0	1	10	8
44.0	5.0	20.0	3	5	12	15	7	8	6
42.0	10.0	40.0	3	23	3	19	3	12	3
42.0	15.0	10.0	1	7	15
40.0	5.0	30.0	3	7	9	31	2	13	2
40.0	15.0	40.0	3	5	10	5	7	13	4
38.0	5.0	30.0	2	4	6	30	2
38.0	15.0	10.0	3	7	11	14	8	16	2
35.0	5.0	20.0	1	31	2
50.0	30.0	10.0	2	6	14	7	11
50.0	35.0	20.0	1	12	8
50.0	40.0	50.0	2	15	7	14	5
48.0	30.0	10.0	2	5	8	11	7
48.0	40.0	10.0	1	8	11
47.0	35.0	10.0	2	15	5	27	3
47.0	40.0	10.0	3	7	10	9	5	18	3
45.0	30.0	10.0	2	7	15	11	7
45.0	35.0	10.0	1	15	5
95.0	30.0	30.0	3	7	13	6	13	21	3
95.0	35.0	20.0	2	6	8	14	6
53.0	30.0	10.0	2	10	8	27	4
92.0	30.0	10.0	2	12	7	28	2
53.0	35.0	50.0	3	5	10	4	8	12	6
45.0	65.0	20.0	1	9	5
90.0	35.0	10.0	3	7	15	6	9	6	8
88.0	30.0	10.0	1	21	2
88.0	35.0	20.0	2	9	7	28	3
87.0	30.0	10.0	1	21	2
85.0	25.0	10.0	2	7	12	23	3
85.0	35.0	30.0	3	9	6	16	3	29	2
75.0	55.0	20.0	1	6	8
72.0	55.0	10.0	1	20	2
70.0	58.0	20.0	2	5	14	12	8
68.0	60.0	30.0	1	6	15
66.0	55.0	10.0	3	4	12	4	12	6	7
65.0	55.0	20.0	3	4	10	6	9	6	7
65.0	60.0	30.0	1	4	16
63.0	58.0	10.0	1	8	11
60.0	55.0	10.0	3	6	12	10	8	15	3
60.0	60.0	10.0	2	6	10	28	4
67.0	85.0	20.0	3	10	8	13	6	11	5
65.0	85.0	40.0	3	6	9	12	6	23	4
65.0	82.0	10.0	3	4	14	17	3	23	2
62.0	80.0	30.0	2	9	7	14	6
60.0	80.0	10.0	1	11	7
60.0	85.0	30.0	3	11	5	24	4	16	2
58.0	75.0	20.0	2	13	7	9	6
55.0	80.0	10.0	1	7	13
55.0	85.0	20.0	2	11	8	8	7