# x   |  y    | demand	| numItems | l - w (for each item)
35.0	35.0	0.0	0
41.0	49.0	10.0	3	12	6	19	4	29	2
35.0	17.0	7.0	3	5	13	7	9	7	9
55.0	45.0	13.0	2	7	6	11	2
55.0	20.0	19.0	1	7	12
15.0	30.0	26.0	4	5	10	5	7	15	4	20	2
25.0	30.0	3.0	2	7	10	25	4
20.0	50.0	5.0	4	6	11	31	3	16	3	23	2
10.0	43.0	9.0	3	6	11	4	11	5	4
55.0	60.0	16.0	1	6	7
30.0	60.0	16.0	3	6	8	27	4	26	3
20.0	65.0	12.0	4	13	4	6	4	18	3	15	3
50.0	35.0	19.0	3	6	7	14	6	21	3
30.0	25.0	23.0	2	7	11	29	4
15.0	10.0	20.0	3	15	8	6	7	14	3
30.0	5.0	8.0	3	8	7	22	3	19	2
10.0	20.0	19.0	4	7	12	15	3	13	3	28	2
5.0	30.0	2.0	4	6	10	29	3	12	3	22	2
20.0	40.0	12.0	4	6	12	5	12	8	10	6	5
15.0	60.0	17.0	4	8	4	6	4	15	3	9	3
45.0	65.0	9.0	1	25	3
45.0	20.0	11.0	3	8	6	7	6	30	2
45.0	10.0	18.0	4	13	6	9	5	8	5	28	3
55.0	5.0	29.0	1	12	2
65.0	35.0	3.0	1	5	12
65.0	20.0	6.0	3	6	5	4	5	28	3
45.0	30.0	17.0	4	6	11	12	8	7	4	32	3
35.0	40.0	16.0	3	4	6	25	3	4	3
41.0	37.0	16.0	4	4	12	5	9	30	2	12	2
64.0	42.0	9.0	4	6	8	5	8	18	3	29	2
40.0	60.0	21.0	1	6	4
31.0	52.0	27.0	4	4	12	10	8	7	6	23	4
35.0	69.0	23.0	2	7	13	25	4
53.0	52.0	11.0	1	5	14
65.0	55.0	14.0	2	6	6	25	3
63.0	65.0	8.0	1	9	3
2.0	60.0	5.0	1	16	8
20.0	20.0	8.0	4	5	7	13	5	15	3	23	2
5.0	5.0	16.0	2	7	10	28	4
60.0	12.0	31.0	2	6	7	8	5
40.0	25.0	9.0	3	6	13	7	8	25	2
42.0	7.0	5.0	2	5	8	30	4
24.0	12.0	5.0	4	6	10	5	10	13	7	27	3
23.0	3.0	7.0	2	10	5	20	3
11.0	14.0	18.0	2	6	10	7	9
6.0	38.0	16.0	3	12	8	12	6	8	3
2.0	48.0	1.0	1	6	7
8.0	56.0	27.0	2	6	11	8	4
13.0	52.0	36.0	4	4	9	13	8	5	3	15	2
6.0	68.0	30.0	2	6	6	31	4
47.0	47.0	13.0	4	5	7	6	6	8	4	15	3
49.0	58.0	10.0	2	7	7	32	3
27.0	43.0	9.0	3	7	7	24	3	11	3
37.0	31.0	14.0	2	6	3	30	2
57.0	29.0	18.0	2	5	12	21	2
63.0	23.0	2.0	1	7	11
53.0	12.0	6.0	2	15	8	17	3
32.0	12.0	7.0	3	5	13	5	9	30	3
36.0	26.0	18.0	1	6	12
21.0	24.0	28.0	4	6	7	7	4	6	4	18	3
17.0	34.0	3.0	3	31	3	7	3	17	2
12.0	24.0	13.0	3	6	5	14	4	13	4
24.0	58.0	19.0	2	5	10	10	8
27.0	69.0	10.0	1	6	3
15.0	77.0	9.0	2	6	6	9	5
62.0	77.0	20.0	1	7	7
49.0	73.0	25.0	1	5	8
67.0	5.0	25.0	1	7	10
56.0	39.0	36.0	1	23	3
37.0	47.0	6.0	4	11	7	26	3	16	3	5	2
37.0	56.0	5.0	2	5	5	14	4
57.0	68.0	15.0	3	6	13	5	9	10	3
47.0	16.0	25.0	4	13	4	16	3	15	3	11	3
44.0	17.0	9.0	3	6	11	7	4	12	3
46.0	13.0	8.0	1	27	3
49.0	11.0	18.0	4	6	11	11	4	31	3	25	3
49.0	42.0	13.0	4	7	7	9	6	5	5	9	4
53.0	43.0	14.0	2	10	5	7	5
61.0	52.0	3.0	3	5	7	23	3	11	2
57.0	48.0	23.0	4	11	7	4	6	26	3	16	2
56.0	37.0	6.0	1	5	3
55.0	54.0	26.0	1	14	7
15.0	47.0	16.0	3	14	4	25	3	13	2
14.0	37.0	11.0	1	8	7
11.0	31.0	7.0	1	5	12
16.0	22.0	41.0	3	14	8	29	3	17	2
4.0	18.0	35.0	2	6	14	19	3
28.0	18.0	26.0	1	8	5
26.0	52.0	9.0	3	5	11	6	7	31	2
26.0	35.0	15.0	1	15	3
31.0	67.0	3.0	1	24	2
15.0	19.0	1.0	1	25	2
22.0	22.0	2.0	4	7	7	10	5	20	4	26	2
18.0	24.0	22.0	3	6	4	28	3	12	3
26.0	27.0	27.0	4	7	6	13	4	5	4	18	3
25.0	24.0	20.0	1	8	8
22.0	27.0	11.0	3	8	13	8	4	15	3
25.0	21.0	12.0	1	22	4
19.0	21.0	10.0	2	15	3	5	3
20.0	26.0	9.0	2	8	9	15	5
18.0	18.0	17.0	3	15	6	6	6	8	4