# x   |  y    | demand	| numItems | l - w (for each item)
40.0	50.0	0.0	0
45.0	68.0	10.0	4	5	12	8	11	8	5	26	3
45.0	70.0	30.0	1	22	4
42.0	66.0	10.0	4	7	10	15	3	14	3	17	2
42.0	68.0	10.0	2	9	7	8	6
42.0	65.0	10.0	4	8	5	13	4	28	3	14	3
40.0	69.0	20.0	4	17	4	5	4	27	3	8	3
40.0	66.0	20.0	3	8	12	6	6	9	4
38.0	68.0	20.0	1	29	2
38.0	70.0	10.0	2	8	10	12	7
35.0	66.0	10.0	2	11	7	5	6
35.0	69.0	10.0	2	32	3	15	3
25.0	85.0	20.0	4	5	11	13	8	12	7	16	3
22.0	75.0	30.0	4	6	10	5	6	9	5	22	4
22.0	85.0	10.0	4	13	8	6	6	4	6	27	3
20.0	80.0	40.0	3	6	9	13	7	15	4
20.0	85.0	40.0	4	5	12	4	12	6	10	6	9
18.0	75.0	20.0	4	5	11	8	7	21	4	5	4
15.0	75.0	20.0	1	17	3
15.0	80.0	10.0	4	9	6	8	6	5	6	29	3
30.0	50.0	10.0	2	13	8	14	4
30.0	52.0	20.0	1	12	5
28.0	52.0	20.0	3	4	7	6	5	14	2
28.0	55.0	10.0	1	8	7
25.0	50.0	10.0	1	20	3
25.0	52.0	40.0	2	22	3	29	2
25.0	55.0	10.0	1	17	3
23.0	52.0	10.0	2	7	8	13	2
23.0	55.0	20.0	4	5	12	5	12	5	6	16	5
20.0	50.0	10.0	4	6	11	7	5	21	3	16	3
20.0	55.0	10.0	2	11	4	26	2
10.0	35.0	20.0	2	4	10	14	3
10.0	40.0	30.0	1	24	3
8.0	40.0	40.0	2	11	6	31	2
8.0	45.0	20.0	3	16	6	10	5	17	3
5.0	35.0	10.0	1	15	6
5.0	45.0	10.0	3	12	6	11	5	14	2
2.0	40.0	20.0	4	11	7	8	7	15	5	29	3
0.0	40.0	30.0	2	14	3	25	2
0.0	45.0	20.0	3	5	9	12	4	10	2
35.0	30.0	10.0	1	6	6
35.0	32.0	10.0	1	12	2
33.0	32.0	20.0	1	5	4
33.0	35.0	10.0	3	6	14	5	4	26	3
32.0	30.0	10.0	3	8	8	14	6	27	4
30.0	30.0	10.0	1	5	7
30.0	32.0	30.0	2	27	3	21	3
30.0	35.0	10.0	4	7	7	30	3	15	3	14	3
28.0	30.0	10.0	4	7	8	15	6	19	4	20	3
28.0	35.0	10.0	2	8	7	4	4
26.0	32.0	10.0	2	13	4	21	2
25.0	30.0	10.0	4	6	13	5	12	8	9	15	2
25.0	35.0	10.0	4	7	13	9	5	14	3	14	2
44.0	5.0	20.0	4	5	14	5	9	11	5	32	2
42.0	10.0	40.0	4	11	6	9	4	8	3	19	2
42.0	15.0	10.0	4	6	14	7	10	5	9	26	3
40.0	5.0	30.0	3	9	7	15	4	8	2
40.0	15.0	40.0	4	10	4	25	2	21	2	12	2
38.0	5.0	30.0	1	20	3
38.0	15.0	10.0	2	7	7	5	7
35.0	5.0	20.0	2	30	4	12	3
50.0	30.0	10.0	4	10	8	10	7	7	6	18	3
50.0	35.0	20.0	1	14	3
50.0	40.0	50.0	3	7	6	12	5	16	3
48.0	30.0	10.0	1	32	4
48.0	40.0	10.0	1	15	2
47.0	35.0	10.0	1	16	3
47.0	40.0	10.0	2	6	7	10	6
45.0	30.0	10.0	2	8	12	7	10
45.0	35.0	10.0	4	15	6	23	4	22	4	22	4
95.0	30.0	30.0	1	12	7
95.0	35.0	20.0	4	7	11	5	11	15	5	7	2
53.0	30.0	10.0	4	8	7	7	5	16	3	30	2
92.0	30.0	10.0	4	8	12	5	6	27	4	12	2
53.0	35.0	50.0	3	8	9	13	5	12	5
45.0	65.0	20.0	2	5	7	7	5
90.0	35.0	10.0	2	6	7	10	4
88.0	30.0	10.0	3	4	9	31	4	16	3
88.0	35.0	20.0	1	18	3
87.0	30.0	10.0	2	12	5	8	4
85.0	25.0	10.0	3	7	8	7	5	29	4
85.0	35.0	30.0	1	6	7
75.0	55.0	20.0	1	7	6
72.0	55.0	10.0	3	6	7	27	3	11	3
70.0	58.0	20.0	3	5	6	24	2	22	2
68.0	60.0	30.0	2	7	6	8	3
66.0	55.0	10.0	1	9	7
65.0	55.0	20.0	3	13	7	14	3	11	3
65.0	60.0	30.0	1	7	9
63.0	58.0	10.0	3	5	11	7	8	10	2
60.0	55.0	10.0	4	6	12	8	8	14	5	11	4
60.0	60.0	10.0	2	27	2	24	2
67.0	85.0	20.0	3	4	9	10	5	18	4
65.0	85.0	40.0	2	6	14	18	4
65.0	82.0	10.0	2	21	3	16	2
62.0	80.0	30.0	2	19	3	14	3
60.0	80.0	10.0	2	8	10	7	3
60.0	85.0	30.0	2	9	6	9	4
58.0	75.0	20.0	1	5	4
55.0	80.0	10.0	1	5	7
55.0	85.0	20.0	3	5	10	8	8	24	3