# x   |  y    | demand	| numItems | l - w (for each item)
35.0	35.0	0.0	0
41.0	49.0	10.0	4	7	11	7	11	5	8	10	6
35.0	17.0	7.0	4	5	9	10	3	11	2	6	2
55.0	45.0	13.0	2	4	8	8	3
55.0	20.0	19.0	5	22	4	7	4	9	3	7	3	14	2
15.0	30.0	26.0	4	7	10	9	4	22	3	11	2
25.0	30.0	3.0	3	5	4	13	3	7	3
20.0	50.0	5.0	5	9	5	19	3	19	3	7	3	6	3
10.0	43.0	9.0	4	9	4	8	4	17	2	4	2
55.0	60.0	16.0	3	7	9	24	4	17	3
30.0	60.0	16.0	1	21	4
20.0	65.0	12.0	4	17	3	5	3	8	2	4	2
50.0	35.0	19.0	4	7	6	10	5	22	4	7	4
30.0	25.0	23.0	4	4	7	8	6	7	5	20	3
15.0	10.0	20.0	1	5	6
30.0	5.0	8.0	4	6	12	5	11	8	3	8	3
10.0	20.0	19.0	4	22	4	11	4	5	4	7	3
5.0	30.0	2.0	4	10	5	4	4	6	3	15	2
20.0	40.0	12.0	3	6	12	22	4	19	3
15.0	60.0	17.0	3	7	11	6	6	16	3
45.0	65.0	9.0	5	7	7	7	7	6	4	22	3	16	3
45.0	20.0	11.0	5	8	4	22	3	7	3	7	3	21	2
45.0	10.0	18.0	5	10	5	8	4	9	3	4	3	20	2
55.0	5.0	29.0	1	6	10
65.0	35.0	3.0	4	8	4	9	3	6	3	16	2
65.0	20.0	6.0	1	8	5
45.0	30.0	17.0	5	9	6	19	3	11	3	10	3	9	2
35.0	40.0	16.0	1	11	4
41.0	37.0	16.0	1	22	4
64.0	42.0	9.0	3	4	10	7	2	6	2
40.0	60.0	21.0	2	6	4	6	2
31.0	52.0	27.0	2	5	9	5	3
35.0	69.0	23.0	4	5	12	6	5	22	3	4	3
53.0	52.0	11.0	5	6	7	12	4	6	4	5	3	5	2
65.0	55.0	14.0	3	7	11	6	5	13	3
63.0	65.0	8.0	3	7	9	7	6	11	4
2.0	60.0	5.0	1	14	3
20.0	20.0	8.0	5	8	6	8	5	6	5	10	3	9	3
5.0	5.0	16.0	4	8	4	12	3	5	3	5	2
60.0	12.0	31.0	2	6	9	12	2
40.0	25.0	9.0	4	5	6	6	5	6	4	7	2
42.0	7.0	5.0	4	4	11	8	8	4	4	10	3
24.0	12.0	5.0	1	12	5
23.0	3.0	7.0	3	7	11	10	4	24	2
11.0	14.0	18.0	1	6	4
6.0	38.0	16.0	2	6	6	10	5
2.0	48.0	1.0	4	5	10	4	5	11	4	7	3
8.0	56.0	27.0	3	8	7	12	5	10	5
13.0	52.0	36.0	3	23	3	14	3	6	3
6.0	68.0	30.0	5	5	11	7	7	7	6	6	2	4	2
47.0	47.0	13.0	4	7	9	22	4	9	4	10	2
49.0	58.0	10.0	2	11	4	18	3
27.0	43.0	9.0	5	10	6	19	3	7	3	24	2	18	2
37.0	31.0	14.0	2	11	5	21	2
57.0	29.0	18.0	2	6	10	5	4
63.0	23.0	2.0	1	5	5
53.0	12.0	6.0	5	6	10	6	4	5	3	21	2	11	2
32.0	12.0	7.0	5	5	10	6	7	12	3	9	2	4	2
36.0	26.0	18.0	4	5	5	7	4	6	3	5	3
21.0	24.0	28.0	2	8	6	15	4
17.0	34.0	3.0	3	7	5	23	3	6	3
12.0	24.0	13.0	4	5	12	6	6	15	2	11	2
24.0	58.0	19.0	2	6	4	6	3
27.0	69.0	10.0	2	4	5	8	3
15.0	77.0	9.0	5	7	5	6	5	20	4	4	4	18	3
62.0	77.0	20.0	3	6	5	21	4	15	3
49.0	73.0	25.0	4	5	12	8	4	5	3	11	2
67.0	5.0	25.0	2	8	4	19	3
56.0	39.0	36.0	4	11	3	8	3	6	3	22	2
37.0	47.0	6.0	4	8	6	5	5	8	4	12	3
37.0	56.0	5.0	1	11	4
57.0	68.0	15.0	2	17	3	10	2
47.0	16.0	25.0	2	7	10	6	10
44.0	17.0	9.0	3	7	9	5	7	12	4
46.0	13.0	8.0	4	4	8	8	6	23	3	7	3
49.0	11.0	18.0	3	7	5	6	4	22	3
49.0	42.0	13.0	1	6	6
53.0	43.0	14.0	4	5	7	8	5	11	4	21	3
61.0	52.0	3.0	5	6	4	14	3	12	3	14	2	14	2
57.0	48.0	23.0	4	12	3	9	3	8	3	5	3
56.0	37.0	6.0	2	11	5	5	3
55.0	54.0	26.0	1	7	11
15.0	47.0	16.0	2	18	4	7	3
14.0	37.0	11.0	5	5	5	23	4	5	4	4	4	14	3
11.0	31.0	7.0	5	6	8	6	6	11	4	10	3	7	3
16.0	22.0	41.0	4	8	6	6	5	5	4	18	3
4.0	18.0	35.0	5	6	5	10	4	9	4	11	3	8	3
28.0	18.0	26.0	2	8	5	7	3
26.0	52.0	9.0	5	6	11	4	11	8	4	19	3	10	3
26.0	35.0	15.0	1	6	6
31.0	67.0	3.0	5	8	11	4	11	5	3	8	2	7	2
15.0	19.0	1.0	5	6	10	7	9	5	9	8	7	5	3
22.0	22.0	2.0	1	9	4
18.0	24.0	22.0	5	6	10	7	8	7	5	19	4	6	4
26.0	27.0	27.0	2	5	4	5	3
25.0	24.0	20.0	3	5	6	9	3	6	3
22.0	27.0	11.0	3	5	4	5	4	22	3
25.0	21.0	12.0	3	4	8	18	4	22	3
19.0	21.0	10.0	4	9	6	20	3	14	3	10	3
20.0	26.0	9.0	3	6	4	4	4	6	2
18.0	18.0	17.0	2	9	3	10	2