# x   |  y    | demand	| numItems | l - w (for each item)
10.0	45.0	0.0	0
25.0	1.0	25.0	2	6	13	13	2
25.0	3.0	7.0	2	9	5	27	3
31.0	5.0	13.0	2	4	15	9	7
32.0	5.0	6.0	3	6	14	15	6	8	5
31.0	7.0	14.0	2	8	15	10	4
32.0	9.0	5.0	3	8	11	15	6	12	2
34.0	9.0	11.0	2	7	11	8	5
46.0	9.0	19.0	3	7	10	10	8	10	7
35.0	7.0	5.0	2	32	3	17	3
34.0	6.0	15.0	1	20	2
35.0	5.0	15.0	3	4	16	11	7	25	4
47.0	6.0	17.0	1	7	7
40.0	5.0	13.0	3	30	4	15	4	30	3
39.0	3.0	12.0	2	5	14	6	7
36.0	3.0	18.0	2	20	3	15	2
73.0	6.0	13.0	2	14	7	31	4
73.0	8.0	18.0	2	5	13	20	3
24.0	36.0	12.0	3	10	5	16	4	12	2
76.0	6.0	17.0	2	5	12	17	3
76.0	10.0	4.0	3	12	4	29	3	16	3
76.0	13.0	7.0	2	5	13	11	7
78.0	3.0	12.0	1	7	8
78.0	9.0	13.0	2	5	13	12	7
79.0	3.0	8.0	1	5	14
79.0	5.0	16.0	2	8	14	12	5
79.0	11.0	15.0	2	6	11	13	3
82.0	3.0	6.0	1	20	2
82.0	7.0	5.0	3	11	6	16	5	29	2
90.0	15.0	9.0	2	5	10	31	4
84.0	3.0	11.0	1	28	2
84.0	5.0	10.0	2	6	9	24	2
84.0	9.0	3.0	2	15	6	15	2
85.0	1.0	7.0	1	14	4
87.0	5.0	2.0	2	11	7	8	6
85.0	8.0	4.0	2	8	8	12	5
87.0	7.0	4.0	2	6	14	17	2
86.0	41.0	18.0	3	5	14	27	4	9	4
86.0	44.0	14.0	2	9	8	14	6
86.0	46.0	12.0	2	8	7	20	3
85.0	55.0	17.0	1	9	7
89.0	43.0	20.0	2	4	13	17	3
89.0	46.0	14.0	3	5	16	10	8	12	4
89.0	52.0	16.0	2	4	10	14	5
92.0	42.0	10.0	2	5	13	19	3
92.0	52.0	9.0	3	5	14	7	7	16	6
94.0	42.0	11.0	1	7	7
94.0	44.0	7.0	3	6	10	16	7	31	3
94.0	48.0	13.0	1	8	7
96.0	42.0	5.0	1	6	16
99.0	46.0	4.0	1	12	5
99.0	50.0	21.0	1	20	3
83.0	80.0	13.0	2	11	4	24	3
83.0	83.0	11.0	2	5	15	28	4
85.0	81.0	12.0	2	16	8	17	2
85.0	85.0	14.0	3	11	8	5	7	12	2
85.0	89.0	10.0	3	6	8	14	7	24	4
87.0	80.0	8.0	2	11	7	29	3
87.0	86.0	16.0	3	7	12	14	6	13	4
90.0	77.0	19.0	2	7	14	14	6
90.0	88.0	5.0	3	5	14	8	6	12	3
93.0	82.0	17.0	1	10	4
93.0	84.0	7.0	3	14	7	15	6	11	6
93.0	89.0	16.0	2	4	13	5	9
94.0	86.0	14.0	2	6	14	14	6
95.0	80.0	17.0	3	7	11	11	7	9	7
99.0	89.0	13.0	3	7	10	5	7	4	6
37.0	83.0	17.0	2	14	8	24	3
50.0	80.0	13.0	1	28	3
35.0	85.0	14.0	3	11	7	16	6	22	2
35.0	87.0	16.0	1	8	14
44.0	86.0	7.0	2	6	6	32	2
46.0	89.0	13.0	1	9	7
46.0	83.0	9.0	2	8	7	22	3
46.0	87.0	11.0	1	13	5
46.0	89.0	35.0	2	7	16	5	13
48.0	83.0	5.0	3	6	15	28	4	21	2
50.0	85.0	28.0	2	15	3	13	2
50.0	88.0	7.0	1	14	6
54.0	86.0	3.0	1	14	4
54.0	90.0	10.0	3	14	7	4	6	21	3
10.0	35.0	7.0	1	5	11
10.0	40.0	12.0	1	18	3
18.0	30.0	11.0	2	14	3	15	2
17.0	35.0	10.0	2	14	5	17	3
16.0	38.0	8.0	1	16	7
14.0	40.0	11.0	3	6	15	7	14	5	11
15.0	42.0	21.0	1	13	6
11.0	42.0	4.0	3	6	11	10	5	21	3
18.0	40.0	15.0	3	6	12	13	6	28	4
21.0	39.0	16.0	2	5	13	6	12
20.0	40.0	4.0	1	8	6
18.0	41.0	16.0	2	11	7	9	6
20.0	44.0	7.0	3	15	7	6	7	6	7
22.0	44.0	10.0	1	5	8
16.0	45.0	9.0	2	7	14	7	13
20.0	45.0	11.0	1	15	7
25.0	45.0	17.0	2	17	4	17	3
30.0	55.0	12.0	1	19	3
20.0	50.0	11.0	1	8	11
22.0	51.0	7.0	3	7	9	10	7	27	2
18.0	49.0	9.0	3	8	15	16	6	16	5
16.0	48.0	11.0	3	5	10	14	7	15	5
20.0	55.0	12.0	1	13	3
18.0	53.0	7.0	2	4	7	12	6
14.0	50.0	8.0	1	28	3
15.0	51.0	6.0	1	5	6
16.0	54.0	5.0	1	25	3
28.0	33.0	12.0	3	7	12	11	8	26	2
33.0	38.0	13.0	2	24	3	16	3
30.0	50.0	7.0	1	18	3
13.0	40.0	7.0	3	6	11	15	8	13	4
15.0	36.0	8.0	3	5	13	8	11	23	3
18.0	31.0	11.0	3	7	15	8	10	12	2
25.0	37.0	13.0	3	15	5	15	3	13	2
30.0	46.0	11.0	3	6	8	15	5	30	3
25.0	52.0	10.0	2	7	9	11	6
16.0	33.0	7.0	3	15	7	27	4	30	3
25.0	35.0	4.0	1	5	16
5.0	40.0	20.0	3	5	11	8	8	15	6
5.0	50.0	13.0	2	15	7	21	3