# x   |  y    | demand	| numItems | l - w (for each item)
10.0	45.0	0.0	0
25.0	1.0	25.0	2	6	6	9	3
25.0	3.0	7.0	1	28	2
31.0	5.0	13.0	1	7	10
32.0	5.0	6.0	1	16	3
31.0	7.0	14.0	1	15	3
32.0	9.0	5.0	3	28	4	16	4	27	2
34.0	9.0	11.0	1	4	6
46.0	9.0	19.0	4	14	5	4	5	25	3	17	3
35.0	7.0	5.0	1	6	2
34.0	6.0	15.0	1	31	4
35.0	5.0	15.0	1	10	8
47.0	6.0	17.0	4	4	12	4	7	7	6	21	3
40.0	5.0	13.0	4	6	5	14	4	12	4	19	2
39.0	3.0	12.0	1	6	8
36.0	3.0	18.0	4	5	14	7	8	6	6	15	4
73.0	6.0	13.0	1	31	3
73.0	8.0	18.0	4	6	5	25	4	15	4	17	2
24.0	36.0	12.0	4	7	7	8	5	8	4	25	2
76.0	6.0	17.0	4	4	9	4	5	17	4	6	4
76.0	10.0	4.0	3	6	5	19	4	5	2
76.0	13.0	7.0	4	8	11	6	10	15	8	28	3
78.0	3.0	12.0	4	7	4	18	3	30	2	6	2
78.0	9.0	13.0	1	32	3
79.0	3.0	8.0	3	15	8	10	5	26	4
79.0	5.0	16.0	1	5	5
79.0	11.0	15.0	3	7	14	6	13	26	3
82.0	3.0	6.0	4	8	4	5	4	14	3	20	2
82.0	7.0	5.0	2	15	5	30	3
90.0	15.0	9.0	1	8	13
84.0	3.0	11.0	3	5	11	24	4	28	2
84.0	5.0	10.0	2	6	14	5	8
84.0	9.0	3.0	4	6	5	5	5	5	4	15	3
85.0	1.0	7.0	1	14	2
87.0	5.0	2.0	2	13	3	6	2
85.0	8.0	4.0	1	6	6
87.0	7.0	4.0	4	17	4	14	4	13	4	15	2
86.0	41.0	18.0	4	6	11	7	10	6	9	9	4
86.0	44.0	14.0	2	8	7	31	2
86.0	46.0	12.0	2	5	8	12	5
85.0	55.0	17.0	4	5	12	11	6	9	6	7	5
89.0	43.0	20.0	4	5	13	8	8	26	4	11	4
89.0	46.0	14.0	2	5	11	27	3
89.0	52.0	16.0	4	13	7	10	5	28	4	21	4
92.0	42.0	10.0	4	6	9	6	6	6	5	27	3
92.0	52.0	9.0	1	19	3
94.0	42.0	11.0	4	14	7	8	6	10	5	21	3
94.0	44.0	7.0	1	6	10
94.0	48.0	13.0	1	12	3
96.0	42.0	5.0	4	6	11	6	5	24	4	26	3
99.0	46.0	4.0	3	8	13	4	7	14	2
99.0	50.0	21.0	2	5	12	28	4
83.0	80.0	13.0	3	5	9	15	4	7	4
83.0	83.0	11.0	3	5	14	6	6	5	4
85.0	81.0	12.0	4	7	14	10	6	5	5	5	2
85.0	85.0	14.0	3	6	11	8	5	16	4
85.0	89.0	10.0	2	12	6	8	4
87.0	80.0	8.0	4	7	9	13	7	5	4	12	3
87.0	86.0	16.0	4	8	6	6	6	4	5	31	3
90.0	77.0	19.0	1	16	6
90.0	88.0	5.0	1	9	3
93.0	82.0	17.0	3	5	11	6	7	5	5
93.0	84.0	7.0	3	14	7	32	4	13	3
93.0	89.0	16.0	2	5	8	18	3
94.0	86.0	14.0	2	10	7	12	3
95.0	80.0	17.0	1	7	5
99.0	89.0	13.0	3	17	3	10	3	28	2
37.0	83.0	17.0	1	5	3
50.0	80.0	13.0	1	15	4
35.0	85.0	14.0	1	11	3
35.0	87.0	16.0	1	5	7
44.0	86.0	7.0	4	7	13	15	5	13	4	4	4
46.0	89.0	13.0	3	6	10	4	6	26	4
46.0	83.0	9.0	1	6	9
46.0	87.0	11.0	1	19	2
46.0	89.0	35.0	1	10	8
48.0	83.0	5.0	1	5	4
50.0	85.0	28.0	1	23	4
50.0	88.0	7.0	2	7	13	6	9
54.0	86.0	3.0	1	22	2
54.0	90.0	10.0	3	15	5	12	5	12	3
10.0	35.0	7.0	4	4	13	5	6	14	3	7	3
10.0	40.0	12.0	4	13	7	5	7	23	2	15	2
18.0	30.0	11.0	2	15	4	17	3
17.0	35.0	10.0	4	7	8	11	5	7	5	15	3
16.0	38.0	8.0	4	7	9	5	4	15	3	15	3
14.0	40.0	11.0	4	7	8	6	7	6	6	32	3
15.0	42.0	21.0	2	5	9	17	4
11.0	42.0	4.0	4	7	12	7	4	31	2	14	2
18.0	40.0	15.0	1	7	4
21.0	39.0	16.0	3	15	7	8	4	22	3
20.0	40.0	4.0	4	9	8	12	5	28	3	22	2
18.0	41.0	16.0	3	7	12	4	4	20	3
20.0	44.0	7.0	2	5	5	12	3
22.0	44.0	10.0	2	6	13	21	3
16.0	45.0	9.0	4	12	8	9	6	13	5	27	2
20.0	45.0	11.0	1	15	3
25.0	45.0	17.0	2	27	4	17	3
30.0	55.0	12.0	4	11	6	5	6	4	5	16	3
20.0	50.0	11.0	3	7	13	15	6	24	2
22.0	51.0	7.0	4	8	11	15	4	6	4	31	2
18.0	49.0	9.0	3	6	12	16	6	27	2
16.0	48.0	11.0	4	4	5	4	5	13	4	11	2
20.0	55.0	12.0	1	7	3
18.0	53.0	7.0	1	17	4
14.0	50.0	8.0	4	6	9	24	4	29	3	29	3
15.0	51.0	6.0	2	13	7	31	3
16.0	54.0	5.0	2	5	11	30	2
28.0	33.0	12.0	3	8	11	12	3	8	3
33.0	38.0	13.0	4	7	9	14	7	30	4	15	2
30.0	50.0	7.0	4	6	13	7	5	18	3	13	3
13.0	40.0	7.0	4	5	11	7	7	6	7	5	7
15.0	36.0	8.0	1	16	3
18.0	31.0	11.0	4	7	11	10	5	5	5	12	4
25.0	37.0	13.0	3	26	4	10	4	12	3
30.0	46.0	11.0	2	8	12	5	10
25.0	52.0	10.0	1	11	5
16.0	33.0	7.0	1	28	3
25.0	35.0	4.0	1	5	9
5.0	40.0	20.0	3	9	7	5	7	17	3
5.0	50.0	13.0	1	7	9