# x   |  y    | demand	| numItems | l - w (for each item)
-6.0	15.0	0.0	0
3.2	5.1	30.0	1	18	4
24.6	8.3	226.0	2	4	12	9	5
23.3	1.3	37.0	2	21	3	21	2
27.8	8.3	24.0	2	6	18	17	3
29.0	8.0	36.0	2	16	9	11	5
31.0	8.0	1.0	2	29	3	35	2
33.5	10.5	31.0	2	7	15	10	4
30.0	10.5	24.0	2	17	10	34	2
29.0	10.0	30.0	1	26	3
26.5	11.7	24.0	2	32	4	31	4
28.3	14.3	24.0	1	36	3
27.0	14.3	32.0	1	7	9
23.5	19.0	24.0	2	18	6	28	3
26.0	20.0	24.0	1	27	2
25.0	20.0	19.0	2	10	8	8	8
20.5	19.0	24.0	1	21	3
-20.0	13.0	18.0	2	4	10	17	9
-21.0	14.0	36.0	1	16	3
-30.0	30.0	115.0	2	21	4	21	3
-5.0	30.0	24.0	2	5	11	17	2
1.3	17.8	24.0	2	5	9	27	3
1.8	13.8	61.0	1	34	4
1.8	13.1	71.0	1	24	3
2.0	13.6	36.0	1	6	16
4.8	17.0	18.0	2	4	16	6	8
7.0	15.0	30.0	1	24	3
9.8	16.6	31.0	2	9	9	14	8
11.4	14.5	36.0	2	6	12	5	11
14.4	11.3	18.0	2	18	10	10	4
11.0	12.0	1004.0	2	16	4	25	3
9.3	10.7	18.0	2	6	14	23	2
0.6	2.8	34.0	2	11	9	11	5
-30.0	-10.0	504.0	2	5	12	18	10
2.0	0.0	18.0	2	14	10	17	7
14.5	1.0	39.0	2	4	16	26	4
15.0	1.8	24.0	1	4	12
17.2	2.4	37.0	2	7	11	9	8
17.2	4.2	24.0	2	17	9	31	4
18.2	4.4	99.0	1	24	3
20.3	2.1	24.0	1	34	3
22.8	3.1	24.0	1	6	11
23.0	4.0	36.0	2	5	8	19	2
20.8	4.0	30.0	2	10	8	13	6
20.8	4.0	25.0	2	15	10	12	7
18.5	6.4	24.0	1	13	10
-14.0	16.0	122.0	1	18	7
-0.5	6.9	196.0	1	23	3
3.2	2.8	229.0	1	28	4
5.6	1.8	83.0	1	33	3
8.7	2.8	18.0	2	11	7	16	5
9.0	3.3	24.0	1	11	5
9.0	3.5	306.0	1	7	16
11.2	3.3	18.0	1	33	4
10.8	4.7	20.0	1	8	6
11.5	4.6	18.0	1	10	7
12.3	4.7	24.0	1	5	18
12.3	5.5	22.0	1	5	14
11.2	6.9	24.0	1	7	8
6.5	9.7	18.0	1	33	3
5.8	8.5	18.0	1	14	9
7.2	6.0	24.0	1	13	6
7.2	4.0	24.0	1	20	4
-4.0	-4.0	30.0	1	4	11
-3.0	1.2	24.0	2	5	18	23	3
-40.0	49.0	40.0	1	18	9
-15.0	10.0	166.0	2	12	10	16	9
-11.0	-10.0	254.0	2	8	17	8	14
-25.0	-20.0	187.0	2	6	13	18	8
-25.0	-35.0	94.0	1	8	10
-24.0	-35.0	17.0	1	17	3
-18.0	10.0	285.0	1	6	11
-2.0	10.0	24.0	2	13	4	19	3
-4.0	8.0	24.0	1	23	4
-3.0	5.0	205.0	1	7	17
2.1	6.2	23.0	1	14	6
-1.7	3.0	28.0	1	32	4
-3.0	2.0	51.0	2	6	8	21	4
-7.0	0.0	49.0	2	28	3	35	2
-3.0	-6.0	19.0	1	33	4
-30.0	-11.0	262.0	1	9	4
-62.0	-10.0	120.0	2	6	15	10	8
-8.0	30.0	266.0	1	30	4
1.0	60.0	704.0	1	13	4
10.0	52.0	38.0	1	25	4
10.0	52.0	18.0	2	6	12	5	9
10.0	51.0	30.0	1	5	12
16.0	29.0	25.0	1	8	8
26.0	21.0	12.0	2	13	8	30	2
16.0	21.0	18.0	1	19	8
15.5	19.2	25.0	2	13	8	8	5
0.0	16.5	35.0	1	8	7
17.2	14.3	18.0	2	15	5	13	5
16.5	7.8	12.0	1	12	4
16.9	7.7	20.0	1	5	16
18.0	2.0	1126.0	1	22	3
16.2	4.0	9.0	2	21	3	19	2
15.0	4.0	36.0	1	6	17
15.0	3.0	12.0	1	5	10
14.8	2.4	31.0	1	10	6
14.5	3.0	96.0	2	7	10	13	4
13.0	2.6	27.0	2	12	6	19	3
11.8	3.0	54.0	1	17	8
12.0	4.0	137.0	1	7	13
12.8	3.6	12.0	2	8	16	9	8
13.4	5.5	58.0	2	34	3	21	3
-150.0	8.0	206.0	2	18	4	27	2
-152.0	1.0	178.0	1	8	15
-152.0	0.0	486.0	1	27	3
-142.0	-31.0	36.0	2	17	9	15	7
-78.0	-19.0	261.0	2	7	16	31	4
-78.0	-18.0	135.0	2	13	6	19	4
-78.0	-17.0	135.0	2	4	13	19	3
-80.0	-14.0	373.0	2	13	6	18	4
-118.0	22.0	535.0	1	5	8
-107.0	30.0	42.0	1	12	6
-85.0	14.0	9.0	1	35	3
-78.0	15.0	110.0	2	5	13	8	10
-15.0	16.0	36.0	1	12	4
-62.0	32.0	18.0	2	5	14	14	8
-120.0	-20.0	726.0	2	8	14	33	3
-90.0	-22.0	187.0	2	14	6	29	2
-79.0	-19.0	23.0	1	5	10
-79.0	-18.5	134.0	1	12	5
-79.0	-18.0	47.0	1	5	13
-78.0	-17.5	51.0	1	21	3
-79.0	-17.0	43.0	2	5	16	6	14
-80.0	-17.0	79.0	2	6	8	23	4
-80.0	-16.0	112.0	2	20	3	23	2
-80.0	-15.0	91.0	1	30	3
-48.0	37.0	232.0	2	4	17	17	7
-85.0	15.0	483.0	2	6	17	12	4
-62.0	-9.0	828.0	2	8	16	11	9
-15.0	-4.0	11.0	1	7	12
-1.0	3.2	12.0	1	5	16