# x   |  y    | demand	| numItems | l - w (for each item)
-6.0	15.0	0.0	0
3.2	5.1	30.0	1	7	6
24.6	8.3	226.0	2	6	5	20	3
23.3	1.3	37.0	4	5	8	4	8	15	4	29	3
27.8	8.3	24.0	1	7	11
29.0	8.0	36.0	2	11	5	6	4
31.0	8.0	1.0	3	21	3	8	3	21	2
33.5	10.5	31.0	4	10	8	4	8	23	3	19	3
30.0	10.5	24.0	2	7	8	8	3
29.0	10.0	30.0	2	9	5	6	3
26.5	11.7	24.0	1	21	3
28.3	14.3	24.0	4	14	7	4	6	13	3	25	2
27.0	14.3	32.0	3	32	3	26	2	15	2
23.5	19.0	24.0	3	7	11	6	11	7	8
26.0	20.0	24.0	3	12	4	26	3	15	3
25.0	20.0	19.0	3	5	7	8	5	15	4
20.5	19.0	24.0	1	17	2
-20.0	13.0	18.0	3	14	4	20	3	23	2
-21.0	14.0	36.0	4	5	12	4	9	10	7	17	3
-30.0	30.0	115.0	3	9	5	29	4	6	2
-5.0	30.0	24.0	2	5	7	8	5
1.3	17.8	24.0	4	16	7	14	4	15	3	14	2
1.8	13.8	61.0	2	5	8	15	7
1.8	13.1	71.0	1	9	7
2.0	13.6	36.0	1	6	7
4.8	17.0	18.0	4	11	6	29	2	25	2	4	2
7.0	15.0	30.0	2	5	4	25	3
9.8	16.6	31.0	2	8	5	7	5
11.4	14.5	36.0	3	6	12	14	8	6	5
14.4	11.3	18.0	2	7	9	21	3
11.0	12.0	1004.0	1	6	5
9.3	10.7	18.0	1	4	3
0.6	2.8	34.0	4	28	4	18	4	14	4	14	3
-30.0	-10.0	504.0	2	12	4	26	3
2.0	0.0	18.0	4	7	14	6	9	16	4	8	3
14.5	1.0	39.0	1	30	3
15.0	1.8	24.0	1	22	3
17.2	2.4	37.0	3	4	6	10	5	4	4
17.2	4.2	24.0	4	6	13	5	8	5	6	24	2
18.2	4.4	99.0	4	5	11	5	9	4	6	22	3
20.3	2.1	24.0	2	15	5	28	3
22.8	3.1	24.0	4	7	5	18	3	8	3	14	2
23.0	4.0	36.0	1	4	12
20.8	4.0	30.0	1	29	4
20.8	4.0	25.0	2	8	10	8	10
18.5	6.4	24.0	4	7	9	5	8	22	4	24	2
-14.0	16.0	122.0	2	15	3	5	3
-0.5	6.9	196.0	3	7	13	4	12	4	12
3.2	2.8	229.0	4	8	10	9	7	30	4	21	3
5.6	1.8	83.0	2	5	6	13	2
8.7	2.8	18.0	2	13	3	10	2
9.0	3.3	24.0	4	12	6	31	3	15	3	23	2
9.0	3.5	306.0	2	5	7	24	2
11.2	3.3	18.0	4	11	7	5	7	5	6	7	2
10.8	4.7	20.0	2	6	11	13	2
11.5	4.6	18.0	4	7	5	15	4	19	3	15	2
12.3	4.7	24.0	2	7	9	29	3
12.3	5.5	22.0	1	6	8
11.2	6.9	24.0	4	4	13	9	8	5	7	22	3
6.5	9.7	18.0	4	7	12	13	5	6	5	18	3
5.8	8.5	18.0	2	8	7	5	6
7.2	6.0	24.0	4	4	11	13	6	10	4	15	3
7.2	4.0	24.0	4	7	10	16	4	13	3	27	2
-4.0	-4.0	30.0	2	10	7	8	7
-3.0	1.2	24.0	1	21	3
-40.0	49.0	40.0	1	7	14
-15.0	10.0	166.0	3	13	5	22	3	20	2
-11.0	-10.0	254.0	2	6	5	22	3
-25.0	-20.0	187.0	1	8	3
-25.0	-35.0	94.0	3	12	4	7	4	4	4
-24.0	-35.0	17.0	2	5	4	18	3
-18.0	10.0	285.0	3	19	3	18	3	14	3
-2.0	10.0	24.0	3	8	9	22	3	31	2
-4.0	8.0	24.0	2	5	4	23	3
-3.0	5.0	205.0	2	9	8	7	4
2.1	6.2	23.0	3	13	6	4	6	19	4
-1.7	3.0	28.0	3	4	7	27	3	17	3
-3.0	2.0	51.0	2	7	4	26	3
-7.0	0.0	49.0	4	7	14	5	13	7	11	4	9
-3.0	-6.0	19.0	2	6	11	7	6
-30.0	-11.0	262.0	3	4	7	31	4	27	3
-62.0	-10.0	120.0	2	15	5	7	3
-8.0	30.0	266.0	2	30	2	16	2
1.0	60.0	704.0	3	8	14	26	3	6	2
10.0	52.0	38.0	4	5	11	9	5	25	4	10	3
10.0	52.0	18.0	1	13	4
10.0	51.0	30.0	2	14	6	28	3
16.0	29.0	25.0	2	15	8	8	5
26.0	21.0	12.0	2	14	4	16	3
16.0	21.0	18.0	4	7	12	7	9	5	4	12	3
15.5	19.2	25.0	3	16	8	7	8	15	2
0.0	16.5	35.0	4	5	9	6	6	17	4	15	2
17.2	14.3	18.0	2	13	7	16	3
16.5	7.8	12.0	2	4	6	13	4
16.9	7.7	20.0	2	6	4	24	3
18.0	2.0	1126.0	3	6	12	6	6	6	5
16.2	4.0	9.0	2	4	12	7	5
15.0	4.0	36.0	4	6	8	6	7	8	5	19	3
15.0	3.0	12.0	4	4	14	15	8	19	3	16	3
14.8	2.4	31.0	4	5	11	6	10	6	7	16	4
14.5	3.0	96.0	2	12	7	26	3
13.0	2.6	27.0	4	7	9	7	8	23	4	13	4
11.8	3.0	54.0	3	7	11	7	6	26	2
12.0	4.0	137.0	3	7	13	26	4	29	3
12.8	3.6	12.0	4	8	8	9	6	15	5	28	2
13.4	5.5	58.0	4	6	12	7	11	5	5	13	3
-150.0	8.0	206.0	3	16	7	24	4	18	2
-152.0	1.0	178.0	3	7	12	5	10	12	2
-152.0	0.0	486.0	1	22	3
-142.0	-31.0	36.0	1	13	4
-78.0	-19.0	261.0	2	6	13	18	3
-78.0	-18.0	135.0	4	8	11	5	8	14	7	8	6
-78.0	-17.0	135.0	3	7	6	14	5	17	3
-80.0	-14.0	373.0	1	15	3
-118.0	22.0	535.0	2	5	6	13	3
-107.0	30.0	42.0	3	7	6	7	6	14	3
-85.0	14.0	9.0	3	4	13	12	7	17	4
-78.0	15.0	110.0	2	7	8	22	3
-15.0	16.0	36.0	1	12	2
-62.0	32.0	18.0	2	14	5	21	2
-120.0	-20.0	726.0	4	10	8	21	4	7	4	12	3
-90.0	-22.0	187.0	3	28	4	13	4	13	4
-79.0	-19.0	23.0	2	18	4	24	3
-79.0	-18.5	134.0	2	4	13	20	2
-79.0	-18.0	47.0	2	23	3	12	3
-78.0	-17.5	51.0	2	6	10	5	6
-79.0	-17.0	43.0	4	7	10	7	8	32	4	7	3
-80.0	-17.0	79.0	1	5	12
-80.0	-16.0	112.0	2	6	11	6	5
-80.0	-15.0	91.0	2	9	6	14	3
-48.0	37.0	232.0	1	25	3
-85.0	15.0	483.0	1	15	3
-62.0	-9.0	828.0	2	7	7	8	4
-15.0	-4.0	11.0	4	14	5	14	5	5	4	31	3
-1.0	3.2	12.0	4	7	14	12	8	5	7	14	2