# x   |  y    | demand	| numItems | l - w (for each item)
35.0	35.0	0.0	0
41.0	49.0	10.0	1	14	5
35.0	17.0	7.0	1	11	5
55.0	45.0	13.0	2	9	8	23	2
55.0	20.0	19.0	2	4	10	12	2
15.0	30.0	26.0	3	6	13	14	7	9	6
25.0	30.0	3.0	1	6	12
20.0	50.0	5.0	2	4	14	13	5
10.0	43.0	9.0	3	5	8	15	7	15	3
55.0	60.0	16.0	1	17	4
30.0	60.0	16.0	2	7	16	7	15
20.0	65.0	12.0	2	6	11	32	3
50.0	35.0	19.0	1	13	4
30.0	25.0	23.0	3	6	8	23	2	22	2
15.0	10.0	20.0	1	19	2
30.0	5.0	8.0	2	6	13	11	4
10.0	20.0	19.0	2	16	7	14	4
5.0	30.0	2.0	1	6	14
20.0	40.0	12.0	2	5	6	29	2
15.0	60.0	17.0	1	7	13
45.0	65.0	9.0	3	6	12	15	6	31	3
45.0	20.0	11.0	1	7	13
45.0	10.0	18.0	2	4	8	5	6
55.0	5.0	29.0	2	14	6	18	3
65.0	35.0	3.0	3	13	8	15	7	29	4
65.0	20.0	6.0	3	6	12	10	6	29	4
45.0	30.0	17.0	2	31	4	23	3
35.0	40.0	16.0	3	8	16	8	15	10	4
41.0	37.0	16.0	1	6	15
64.0	42.0	9.0	3	9	7	11	5	15	4
40.0	60.0	21.0	3	5	12	10	8	22	3
31.0	52.0	27.0	1	28	3
35.0	69.0	23.0	1	14	8
53.0	52.0	11.0	3	25	3	14	3	21	2
65.0	55.0	14.0	2	5	8	5	7
63.0	65.0	8.0	3	4	6	9	5	30	2
2.0	60.0	5.0	2	16	4	15	4
20.0	20.0	8.0	3	8	14	14	4	29	2
5.0	5.0	16.0	2	32	4	30	4
60.0	12.0	31.0	1	12	6
40.0	25.0	9.0	2	16	7	5	6
42.0	7.0	5.0	3	6	13	23	4	22	3
24.0	12.0	5.0	2	30	3	29	2
23.0	3.0	7.0	1	8	10
11.0	14.0	18.0	2	14	5	26	2
6.0	38.0	16.0	1	31	3
2.0	48.0	1.0	1	8	11
8.0	56.0	27.0	3	8	6	8	5	26	4
13.0	52.0	36.0	1	7	11
6.0	68.0	30.0	1	29	4
47.0	47.0	13.0	3	5	9	8	7	10	6
49.0	58.0	10.0	1	20	3
27.0	43.0	9.0	1	10	7
37.0	31.0	14.0	3	7	10	27	4	25	4
57.0	29.0	18.0	3	6	13	8	9	21	3
63.0	23.0	2.0	3	13	5	13	4	16	3
53.0	12.0	6.0	1	27	3
32.0	12.0	7.0	2	5	7	13	4
36.0	26.0	18.0	3	5	9	7	7	25	3
21.0	24.0	28.0	3	6	15	12	4	13	3
17.0	34.0	3.0	1	28	3
12.0	24.0	13.0	2	12	7	20	3
24.0	58.0	19.0	3	8	8	15	6	21	4
27.0	69.0	10.0	3	5	16	6	15	23	4
15.0	77.0	9.0	2	8	16	8	7
62.0	77.0	20.0	3	6	15	8	14	8	4
49.0	73.0	25.0	1	9	7
67.0	5.0	25.0	3	6	13	10	4	13	3
56.0	39.0	36.0	2	12	7	16	3
37.0	47.0	6.0	1	6	10
37.0	56.0	5.0	2	6	6	15	5
57.0	68.0	15.0	2	7	11	32	3
47.0	16.0	25.0	1	24	2
44.0	17.0	9.0	2	5	11	28	2
46.0	13.0	8.0	2	12	6	22	4
49.0	11.0	18.0	3	13	7	27	4	16	4
49.0	42.0	13.0	3	14	7	9	6	23	4
53.0	43.0	14.0	2	9	5	13	4
61.0	52.0	3.0	2	8	13	12	6
57.0	48.0	23.0	3	6	11	7	8	30	4
56.0	37.0	6.0	3	8	14	4	9	10	6
55.0	54.0	26.0	1	7	15
15.0	47.0	16.0	3	14	8	4	8	20	4
14.0	37.0	11.0	1	10	6
11.0	31.0	7.0	2	8	11	5	9
16.0	22.0	41.0	2	6	13	19	2
4.0	18.0	35.0	1	30	3
28.0	18.0	26.0	1	12	6
26.0	52.0	9.0	2	7	13	23	2
26.0	35.0	15.0	3	7	10	21	4	27	2
31.0	67.0	3.0	2	5	10	5	6
15.0	19.0	1.0	2	14	7	12	5
22.0	22.0	2.0	1	12	6
18.0	24.0	22.0	1	14	2
26.0	27.0	27.0	2	11	5	21	4
25.0	24.0	20.0	3	6	9	22	3	15	3
22.0	27.0	11.0	3	7	15	6	14	25	2
25.0	21.0	12.0	3	5	8	8	7	8	6
19.0	21.0	10.0	3	6	15	5	7	5	7
20.0	26.0	9.0	2	11	6	13	4
18.0	18.0	17.0	1	18	4
37.0	52.0	7.0	2	9	5	24	3
49.0	49.0	30.0	2	7	9	31	3
52.0	64.0	16.0	1	5	7
20.0	26.0	9.0	1	12	7
40.0	30.0	21.0	3	7	16	8	6	18	4
21.0	47.0	15.0	1	15	4
17.0	63.0	19.0	1	6	14
31.0	62.0	23.0	2	14	7	24	2
52.0	33.0	11.0	2	6	13	7	12
51.0	21.0	5.0	3	16	7	11	6	17	3
42.0	41.0	19.0	3	6	11	9	7	24	3
31.0	32.0	29.0	3	8	13	8	7	31	3
5.0	25.0	23.0	1	13	3
12.0	42.0	21.0	1	6	9
36.0	16.0	10.0	2	5	11	15	7
52.0	41.0	15.0	1	11	8
27.0	23.0	3.0	2	12	8	9	6
17.0	33.0	41.0	1	29	3
13.0	13.0	9.0	2	15	6	25	2
57.0	58.0	28.0	3	14	5	32	3	28	3
62.0	42.0	8.0	1	21	2
42.0	57.0	8.0	1	16	3
16.0	57.0	16.0	3	13	7	10	7	15	6
8.0	52.0	10.0	3	5	7	4	7	23	3
7.0	38.0	28.0	3	7	13	7	10	30	4
27.0	68.0	7.0	1	9	4
30.0	48.0	15.0	3	5	16	23	3	21	3
43.0	67.0	14.0	1	12	8
58.0	48.0	6.0	2	11	8	23	2
58.0	27.0	19.0	2	5	7	29	2
37.0	69.0	11.0	3	6	13	13	6	31	3
38.0	46.0	12.0	1	5	12
46.0	10.0	23.0	1	6	7
61.0	33.0	26.0	1	6	7
62.0	63.0	17.0	1	4	14
63.0	69.0	6.0	1	4	14
32.0	22.0	9.0	3	10	6	15	4	25	3
45.0	35.0	15.0	1	12	8
59.0	15.0	14.0	3	12	7	25	3	14	3
5.0	6.0	7.0	2	6	14	8	6
10.0	17.0	27.0	2	5	13	11	6
21.0	10.0	13.0	3	8	7	15	5	22	3
5.0	64.0	11.0	3	8	15	19	3	18	2
30.0	15.0	16.0	3	7	15	7	10	13	6
39.0	10.0	10.0	1	15	4
32.0	39.0	5.0	2	10	7	15	3
25.0	32.0	25.0	2	8	9	25	4
25.0	55.0	17.0	1	24	3
48.0	28.0	18.0	2	7	6	14	5
56.0	37.0	10.0	3	9	7	16	6	15	5