# x   |  y    | demand	| numItems | l - w (for each item)
35.0	35.0	0.0	0
41.0	49.0	10.0	1	25	4
35.0	17.0	7.0	1	19	3
55.0	45.0	13.0	1	17	9
55.0	20.0	19.0	1	7	13
15.0	30.0	26.0	1	10	7
25.0	30.0	3.0	1	31	4
20.0	50.0	5.0	2	5	15	7	13
10.0	43.0	9.0	1	16	5
55.0	60.0	16.0	2	6	11	9	8
30.0	60.0	16.0	1	5	16
20.0	65.0	12.0	1	24	2
50.0	35.0	19.0	2	6	17	19	3
30.0	25.0	23.0	2	5	8	26	4
15.0	10.0	20.0	2	5	14	12	8
30.0	5.0	8.0	2	7	15	13	6
10.0	20.0	19.0	2	5	18	4	15
5.0	30.0	2.0	2	9	9	13	8
20.0	40.0	12.0	1	6	16
15.0	60.0	17.0	1	36	4
45.0	65.0	9.0	2	12	5	27	3
45.0	20.0	11.0	1	7	10
45.0	10.0	18.0	1	5	15
55.0	5.0	29.0	2	8	14	20	3
65.0	35.0	3.0	2	17	6	32	3
65.0	20.0	6.0	1	6	9
45.0	30.0	17.0	2	16	10	6	10
35.0	40.0	16.0	1	29	2
41.0	37.0	16.0	1	8	15
64.0	42.0	9.0	2	12	6	31	3
40.0	60.0	21.0	2	6	13	27	2
31.0	52.0	27.0	2	17	5	33	2
35.0	69.0	23.0	2	7	12	34	4
53.0	52.0	11.0	1	5	14
65.0	55.0	14.0	2	9	5	26	3
63.0	65.0	8.0	1	22	3
2.0	60.0	5.0	2	14	8	10	6
20.0	20.0	8.0	1	25	3
5.0	5.0	16.0	1	35	3
60.0	12.0	31.0	2	20	4	22	3
40.0	25.0	9.0	1	21	3
42.0	7.0	5.0	1	18	4
24.0	12.0	5.0	2	9	9	7	9
23.0	3.0	7.0	1	10	7
11.0	14.0	18.0	1	20	3
6.0	38.0	16.0	2	6	15	5	13
2.0	48.0	1.0	1	27	3
8.0	56.0	27.0	1	31	3
13.0	52.0	36.0	2	19	5	18	5
6.0	68.0	30.0	1	20	9
47.0	47.0	13.0	2	8	9	33	3
49.0	58.0	10.0	1	19	3
27.0	43.0	9.0	1	18	8
37.0	31.0	14.0	2	32	4	16	4
57.0	29.0	18.0	1	10	8
63.0	23.0	2.0	1	5	10
53.0	12.0	6.0	1	7	17
32.0	12.0	7.0	1	22	3
36.0	26.0	18.0	2	18	9	14	9
21.0	24.0	28.0	1	17	3
17.0	34.0	3.0	1	29	3
12.0	24.0	13.0	2	13	5	16	4
24.0	58.0	19.0	1	26	4
27.0	69.0	10.0	2	6	10	33	3
15.0	77.0	9.0	1	30	4
62.0	77.0	20.0	2	13	6	24	4
49.0	73.0	25.0	1	8	8
67.0	5.0	25.0	2	18	4	31	2
56.0	39.0	36.0	2	9	9	21	3
37.0	47.0	6.0	1	19	6
37.0	56.0	5.0	1	17	8
57.0	68.0	15.0	1	7	13
47.0	16.0	25.0	1	23	3
44.0	17.0	9.0	2	6	10	11	8
46.0	13.0	8.0	2	13	6	20	4
49.0	11.0	18.0	2	7	13	18	4
49.0	42.0	13.0	1	33	2
53.0	43.0	14.0	2	7	15	16	2
61.0	52.0	3.0	2	35	4	30	4
57.0	48.0	23.0	1	24	4
56.0	37.0	6.0	2	11	7	24	3
55.0	54.0	26.0	2	4	15	13	8
15.0	47.0	16.0	2	19	7	19	4
14.0	37.0	11.0	1	4	12
11.0	31.0	7.0	2	14	8	29	4
16.0	22.0	41.0	2	5	18	4	15
4.0	18.0	35.0	2	6	16	24	3
28.0	18.0	26.0	1	13	7
26.0	52.0	9.0	2	16	7	34	4
26.0	35.0	15.0	2	6	15	20	5
31.0	67.0	3.0	1	5	13
15.0	19.0	1.0	1	19	9
22.0	22.0	2.0	2	6	14	26	3
18.0	24.0	22.0	1	24	3
26.0	27.0	27.0	1	20	4
25.0	24.0	20.0	1	18	10
22.0	27.0	11.0	1	30	4
25.0	21.0	12.0	1	5	10
19.0	21.0	10.0	2	4	10	13	8
20.0	26.0	9.0	1	17	4
18.0	18.0	17.0	1	5	9
37.0	52.0	7.0	2	13	8	34	3
49.0	49.0	30.0	2	19	9	8	8
52.0	64.0	16.0	1	33	2
20.0	26.0	9.0	1	6	14
40.0	30.0	21.0	2	5	11	8	4
21.0	47.0	15.0	2	9	8	17	4
17.0	63.0	19.0	2	5	18	26	2
31.0	62.0	23.0	1	29	3
52.0	33.0	11.0	1	11	9
51.0	21.0	5.0	2	16	5	17	4
42.0	41.0	19.0	1	28	2
31.0	32.0	29.0	1	33	3
5.0	25.0	23.0	2	8	13	34	3
12.0	42.0	21.0	2	8	9	11	7
36.0	16.0	10.0	2	7	16	8	13
52.0	41.0	15.0	2	14	10	18	3
27.0	23.0	3.0	1	5	18
17.0	33.0	41.0	1	12	8
13.0	13.0	9.0	1	22	2
57.0	58.0	28.0	2	18	9	18	6
62.0	42.0	8.0	1	20	4
42.0	57.0	8.0	1	6	16
16.0	57.0	16.0	1	5	9
8.0	52.0	10.0	2	5	11	10	8
7.0	38.0	28.0	2	11	9	35	3
27.0	68.0	7.0	2	12	6	16	5
30.0	48.0	15.0	2	18	10	21	4
43.0	67.0	14.0	2	18	9	8	9
58.0	48.0	6.0	2	26	3	22	3
58.0	27.0	19.0	2	15	8	19	4
37.0	69.0	11.0	1	8	18
38.0	46.0	12.0	2	6	11	33	3
46.0	10.0	23.0	2	32	3	29	3
61.0	33.0	26.0	2	4	11	14	8
62.0	63.0	17.0	2	7	12	5	12
63.0	69.0	6.0	1	24	3
32.0	22.0	9.0	2	13	8	26	3
45.0	35.0	15.0	1	12	5
59.0	15.0	14.0	2	7	11	6	10
5.0	6.0	7.0	2	7	17	4	15
10.0	17.0	27.0	1	29	2
21.0	10.0	13.0	2	6	12	6	8
5.0	64.0	11.0	2	5	15	8	12
30.0	15.0	16.0	1	10	7
39.0	10.0	10.0	1	13	7
32.0	39.0	5.0	1	7	11
25.0	32.0	25.0	1	4	15
25.0	55.0	17.0	2	5	12	23	4
48.0	28.0	18.0	2	6	9	22	4
56.0	37.0	10.0	2	10	9	13	5