# x   |  y    | demand	| numItems | l - w (for each item)
35.0	35.0	0.0	0
41.0	49.0	10.0	5	4	9	6	5	11	4	9	3	9	2
35.0	17.0	7.0	3	6	4	20	3	9	3
55.0	45.0	13.0	2	20	3	20	2
55.0	20.0	19.0	3	5	10	6	5	7	3
15.0	30.0	26.0	1	20	4
25.0	30.0	3.0	3	8	10	11	4	12	3
20.0	50.0	5.0	3	5	7	12	5	10	4
10.0	43.0	9.0	2	6	4	10	3
55.0	60.0	16.0	4	9	4	23	3	10	3	13	2
30.0	60.0	16.0	2	22	3	11	3
20.0	65.0	12.0	1	9	3
50.0	35.0	19.0	1	10	6
30.0	25.0	23.0	5	5	10	5	7	8	3	8	3	7	2
15.0	10.0	20.0	5	11	5	23	3	5	3	4	3	20	2
30.0	5.0	8.0	5	6	11	8	5	5	4	8	3	21	2
10.0	20.0	19.0	5	6	6	23	4	12	4	7	4	6	2
5.0	30.0	2.0	2	6	6	4	4
20.0	40.0	12.0	1	23	3
15.0	60.0	17.0	2	7	10	19	4
45.0	65.0	9.0	2	6	6	6	2
45.0	20.0	11.0	1	4	4
45.0	10.0	18.0	5	6	9	12	4	8	4	8	3	7	3
55.0	5.0	29.0	2	8	5	6	2
65.0	35.0	3.0	2	5	6	6	5
65.0	20.0	6.0	3	7	12	5	9	6	8
45.0	30.0	17.0	3	4	10	22	3	11	2
35.0	40.0	16.0	1	19	3
41.0	37.0	16.0	5	6	4	6	4	17	3	7	3	6	2
64.0	42.0	9.0	2	7	6	12	3
40.0	60.0	21.0	2	12	6	14	4
31.0	52.0	27.0	4	21	3	9	3	6	3	7	2
35.0	69.0	23.0	5	9	4	10	3	7	3	5	3	12	2
53.0	52.0	11.0	3	11	6	6	4	8	3
65.0	55.0	14.0	1	23	2
63.0	65.0	8.0	4	7	11	19	4	10	4	7	4
2.0	60.0	5.0	1	4	5
20.0	20.0	8.0	1	5	6
5.0	5.0	16.0	2	7	9	16	4
60.0	12.0	31.0	3	14	4	5	4	11	2
40.0	25.0	9.0	2	13	4	6	4
42.0	7.0	5.0	2	7	4	17	3
24.0	12.0	5.0	5	13	4	10	4	6	4	5	3	7	2
23.0	3.0	7.0	2	5	10	9	3
11.0	14.0	18.0	5	5	6	15	4	10	4	9	4	5	4
6.0	38.0	16.0	2	10	4	23	3
2.0	48.0	1.0	4	12	6	7	5	11	3	24	2
8.0	56.0	27.0	3	7	5	16	4	11	3
13.0	52.0	36.0	2	6	4	12	3
6.0	68.0	30.0	3	5	12	5	10	13	3
47.0	47.0	13.0	5	7	9	11	5	10	5	7	3	12	2
49.0	58.0	10.0	3	8	3	11	2	6	2
27.0	43.0	9.0	3	6	4	5	4	7	3
37.0	31.0	14.0	2	4	10	18	4
57.0	29.0	18.0	5	7	5	10	4	5	4	6	3	5	3
63.0	23.0	2.0	3	8	10	6	6	5	2
53.0	12.0	6.0	1	7	10
32.0	12.0	7.0	1	5	3
36.0	26.0	18.0	1	7	10
21.0	24.0	28.0	5	12	4	15	3	8	3	4	3	13	2
17.0	34.0	3.0	5	8	10	8	3	5	3	17	2	7	2
12.0	24.0	13.0	2	6	10	20	3
24.0	58.0	19.0	1	11	4
27.0	69.0	10.0	5	6	11	5	10	8	6	11	5	8	4
15.0	77.0	9.0	3	8	3	4	3	7	2
62.0	77.0	20.0	5	7	8	6	8	14	2	13	2	6	2
49.0	73.0	25.0	2	4	5	13	4
67.0	5.0	25.0	4	5	11	4	6	10	5	9	5
56.0	39.0	36.0	1	4	12
37.0	47.0	6.0	4	6	5	22	3	15	3	11	2
37.0	56.0	5.0	1	21	3
57.0	68.0	15.0	2	7	5	10	4
47.0	16.0	25.0	5	7	7	21	3	16	3	4	3	4	2
44.0	17.0	9.0	3	8	11	10	6	4	4
46.0	13.0	8.0	3	11	6	7	3	5	3
49.0	11.0	18.0	5	7	5	17	4	11	4	4	3	23	2
49.0	42.0	13.0	4	9	5	21	3	20	3	21	2
53.0	43.0	14.0	3	16	3	15	3	15	3
61.0	52.0	3.0	3	5	4	21	3	14	2
57.0	48.0	23.0	5	6	8	16	4	12	4	10	4	21	3
56.0	37.0	6.0	3	4	6	11	3	10	3
55.0	54.0	26.0	2	10	4	4	2
15.0	47.0	16.0	1	7	4
14.0	37.0	11.0	1	6	6
11.0	31.0	7.0	2	12	5	8	4
16.0	22.0	41.0	5	16	3	11	3	9	3	7	3	6	2
4.0	18.0	35.0	4	10	5	21	4	5	3	22	2
28.0	18.0	26.0	5	6	6	20	4	8	4	6	4	9	3
26.0	52.0	9.0	1	11	6
26.0	35.0	15.0	2	7	3	5	2
31.0	67.0	3.0	3	12	5	11	5	20	3
15.0	19.0	1.0	3	10	5	7	4	11	3
22.0	22.0	2.0	1	6	5
18.0	24.0	22.0	4	7	9	6	5	14	2	5	2
26.0	27.0	27.0	2	6	10	12	4
25.0	24.0	20.0	5	10	5	9	4	11	3	11	2	9	2
22.0	27.0	11.0	3	8	4	8	3	7	3
25.0	21.0	12.0	3	5	12	6	5	11	2
19.0	21.0	10.0	5	6	10	7	4	6	4	6	3	23	2
20.0	26.0	9.0	5	6	8	6	5	15	4	6	4	19	2
18.0	18.0	17.0	4	6	9	7	5	12	4	7	2
37.0	52.0	7.0	2	5	10	10	5
49.0	49.0	30.0	1	4	11
52.0	64.0	16.0	3	12	4	12	4	8	4
20.0	26.0	9.0	1	9	4
40.0	30.0	21.0	3	7	6	18	4	19	3
21.0	47.0	15.0	3	8	5	6	5	4	5
17.0	63.0	19.0	2	4	8	9	3
31.0	62.0	23.0	1	5	3
52.0	33.0	11.0	5	5	11	8	10	11	4	12	3	8	3
51.0	21.0	5.0	4	5	8	7	4	22	3	5	3
42.0	41.0	19.0	1	19	3
31.0	32.0	29.0	1	14	4
5.0	25.0	23.0	5	4	11	7	8	14	3	12	2	6	2
12.0	42.0	21.0	2	9	5	19	3
36.0	16.0	10.0	3	6	5	6	5	5	4
52.0	41.0	15.0	2	7	5	11	3
27.0	23.0	3.0	2	9	4	14	3
17.0	33.0	41.0	4	5	10	4	6	4	3	5	2
13.0	13.0	9.0	3	6	10	6	6	5	5
57.0	58.0	28.0	3	9	4	13	2	4	2
62.0	42.0	8.0	5	5	7	10	4	12	3	4	3	22	2
42.0	57.0	8.0	4	7	6	12	3	7	3	7	3
16.0	57.0	16.0	1	7	5
8.0	52.0	10.0	1	6	4
7.0	38.0	28.0	4	8	10	10	4	7	4	9	2
27.0	68.0	7.0	1	5	4
30.0	48.0	15.0	3	6	9	16	4	5	3
43.0	67.0	14.0	2	6	6	8	5
58.0	48.0	6.0	1	4	5
58.0	27.0	19.0	3	4	10	24	3	11	3
37.0	69.0	11.0	2	6	6	19	3
38.0	46.0	12.0	2	5	6	10	4
46.0	10.0	23.0	3	8	3	6	3	7	2
61.0	33.0	26.0	1	5	10
62.0	63.0	17.0	2	5	10	9	3
63.0	69.0	6.0	2	12	3	6	3
32.0	22.0	9.0	1	10	4
45.0	35.0	15.0	4	8	5	8	5	5	4	17	2
59.0	15.0	14.0	4	9	4	12	3	8	3	6	3
5.0	6.0	7.0	4	8	6	5	4	16	3	10	2
10.0	17.0	27.0	3	6	12	5	10	10	5
21.0	10.0	13.0	2	6	6	12	5
5.0	64.0	11.0	3	16	3	12	3	8	3
30.0	15.0	16.0	4	12	4	7	3	21	2	4	2
39.0	10.0	10.0	4	8	5	23	4	20	3	12	3
32.0	39.0	5.0	4	5	10	5	9	4	3	18	2
25.0	32.0	25.0	5	9	4	14	3	11	3	22	2	9	2
25.0	55.0	17.0	4	16	4	22	3	13	3	10	3
48.0	28.0	18.0	3	8	12	8	6	6	4
56.0	37.0	10.0	4	12	6	8	5	7	5	12	2