# x   |  y    | demand	| numItems | l - w (for each item)
35.0	35.0	0.0	0
22.0	22.0	18.0	3	4	9	8	4	21	3
36.0	26.0	26.0	3	16	4	9	4	9	3
21.0	45.0	11.0	2	11	5	9	4
45.0	35.0	30.0	5	23	3	19	3	11	3	9	3	6	3
55.0	20.0	21.0	5	8	12	6	11	4	9	8	5	9	2
33.0	34.0	19.0	2	9	5	9	3
50.0	50.0	15.0	4	6	8	9	5	19	3	10	3
55.0	45.0	16.0	1	12	3
26.0	59.0	29.0	2	6	4	7	2
40.0	66.0	26.0	4	4	8	8	7	8	7	15	2
55.0	65.0	37.0	1	5	11
35.0	51.0	16.0	1	10	3
62.0	35.0	12.0	4	6	8	7	5	8	4	7	3
62.0	57.0	31.0	4	7	5	24	4	5	3	13	2
62.0	24.0	8.0	2	8	10	5	2
21.0	36.0	19.0	1	14	3
33.0	44.0	20.0	1	7	8
9.0	56.0	13.0	2	8	3	7	3
62.0	48.0	15.0	3	6	6	7	3	4	2
66.0	14.0	22.0	4	6	11	8	4	17	2	5	2
44.0	13.0	28.0	1	9	2
26.0	13.0	12.0	5	6	11	23	4	10	4	9	2	4	2
11.0	28.0	6.0	3	17	4	11	4	20	3
7.0	43.0	27.0	5	7	10	8	6	7	6	5	3	14	2
17.0	64.0	14.0	3	15	3	8	2	5	2
41.0	46.0	18.0	2	7	9	7	3
55.0	34.0	17.0	2	6	3	4	3
35.0	16.0	29.0	4	8	12	4	11	6	6	5	3
52.0	26.0	13.0	1	8	8
43.0	26.0	22.0	4	4	11	11	5	7	4	22	3
31.0	76.0	25.0	5	6	9	4	8	20	4	15	3	4	2
22.0	53.0	28.0	4	11	5	6	4	10	3	5	3
26.0	29.0	27.0	2	6	11	11	3
50.0	40.0	19.0	3	7	6	9	4	7	4
55.0	50.0	10.0	1	10	3
54.0	10.0	12.0	2	22	3	11	3
60.0	15.0	14.0	4	5	8	7	6	5	4	22	2
47.0	66.0	24.0	1	4	9
30.0	60.0	16.0	3	6	5	11	3	7	3
30.0	50.0	33.0	2	5	7	5	3
12.0	17.0	15.0	4	8	5	22	3	12	3	9	2
15.0	14.0	11.0	1	24	4
16.0	19.0	18.0	1	11	4
21.0	48.0	17.0	1	6	4
50.0	30.0	21.0	2	8	5	7	3
51.0	42.0	27.0	2	22	4	12	3
50.0	15.0	19.0	3	21	3	13	3	11	2
48.0	21.0	20.0	4	5	7	4	6	6	4	19	3
12.0	38.0	5.0	1	4	10
37.0	52.0	7.0	2	5	5	18	4
49.0	49.0	30.0	2	6	6	18	2
52.0	64.0	16.0	3	11	5	7	4	5	3
20.0	26.0	9.0	5	8	5	4	4	7	3	6	3	22	2
40.0	30.0	21.0	3	8	6	11	3	6	3
21.0	47.0	15.0	4	7	12	6	8	10	6	21	3
17.0	63.0	19.0	4	7	6	21	4	11	2	8	2
31.0	62.0	23.0	1	9	4
52.0	33.0	11.0	4	6	11	5	6	7	5	18	2
51.0	21.0	5.0	4	13	4	6	4	20	3	6	3
42.0	41.0	19.0	4	8	5	14	4	22	3	11	3
31.0	32.0	29.0	4	4	6	23	4	12	4	23	3
5.0	25.0	23.0	3	12	4	19	3	6	2
12.0	42.0	21.0	3	4	4	18	3	10	3
36.0	16.0	10.0	1	4	12
52.0	41.0	15.0	1	11	2
27.0	23.0	3.0	5	7	5	13	4	6	4	20	3	9	3
17.0	33.0	41.0	5	5	11	4	10	11	4	8	3	6	3
13.0	13.0	9.0	4	7	11	5	5	7	3	10	2
57.0	58.0	28.0	3	6	8	12	6	6	3
62.0	42.0	8.0	5	5	9	6	6	8	4	7	3	6	2
42.0	57.0	8.0	3	5	6	24	4	6	4
16.0	57.0	16.0	3	6	9	24	2	18	2
8.0	52.0	10.0	2	15	4	6	3
7.0	38.0	28.0	2	11	6	6	2
27.0	68.0	7.0	2	20	3	10	3
30.0	48.0	15.0	4	7	5	12	4	7	4	13	3
43.0	67.0	14.0	1	5	6
58.0	48.0	6.0	1	6	4
58.0	27.0	19.0	2	12	4	5	3
37.0	69.0	11.0	4	7	9	7	7	7	3	4	3
38.0	46.0	12.0	1	8	3
46.0	10.0	23.0	3	4	4	22	3	6	2
61.0	33.0	26.0	5	5	6	8	5	7	4	11	3	14	2
62.0	63.0	17.0	2	20	4	7	3
63.0	69.0	6.0	1	7	8
32.0	22.0	9.0	2	7	5	20	3
45.0	35.0	15.0	1	6	6
59.0	15.0	14.0	2	6	4	16	3
5.0	6.0	7.0	3	7	11	5	7	17	3
10.0	17.0	27.0	1	6	4
21.0	10.0	13.0	2	9	4	19	3
5.0	64.0	11.0	1	6	10
30.0	15.0	16.0	4	11	5	7	5	6	4	13	2
39.0	10.0	10.0	4	5	12	7	6	5	6	24	2
32.0	39.0	5.0	4	8	7	8	4	23	3	8	3
25.0	32.0	25.0	1	7	6
25.0	55.0	17.0	5	6	10	5	7	7	4	5	4	11	3
48.0	28.0	18.0	4	7	9	10	6	11	3	11	3
56.0	37.0	10.0	4	4	6	23	2	22	2	16	2
41.0	49.0	10.0	4	8	10	5	10	4	10	19	2
35.0	17.0	7.0	2	5	5	9	2
55.0	45.0	13.0	2	12	6	5	4
55.0	20.0	19.0	2	12	4	11	3
15.0	30.0	26.0	3	15	4	11	4	11	2
25.0	30.0	3.0	1	13	3
20.0	50.0	5.0	4	7	5	11	4	7	4	7	3
10.0	43.0	9.0	4	14	4	14	3	5	3	6	2
55.0	60.0	16.0	3	11	4	4	4	9	3
30.0	60.0	16.0	2	22	4	17	4
20.0	65.0	12.0	2	6	5	4	4
50.0	35.0	19.0	4	7	9	16	4	14	4	10	2
30.0	25.0	23.0	4	8	11	17	4	6	4	16	3
15.0	10.0	20.0	2	8	12	11	5
30.0	5.0	8.0	4	4	8	6	7	10	4	19	3
10.0	20.0	19.0	2	20	4	15	4
5.0	30.0	2.0	3	8	5	11	4	6	3
20.0	40.0	12.0	5	21	4	7	3	4	3	20	2	11	2
15.0	60.0	17.0	5	4	12	6	10	7	6	7	5	11	4
45.0	65.0	9.0	2	11	5	8	5
45.0	20.0	11.0	5	9	6	7	6	12	4	9	3	9	2
45.0	10.0	18.0	1	7	3
55.0	5.0	29.0	2	7	4	5	4
65.0	35.0	3.0	5	7	11	6	11	6	6	9	5	6	4
65.0	20.0	6.0	4	6	12	18	4	6	4	8	2
45.0	30.0	17.0	4	6	12	8	6	7	4	7	3
35.0	40.0	16.0	2	17	3	15	3
41.0	37.0	16.0	1	12	3
64.0	42.0	9.0	4	7	5	11	4	6	4	9	3
40.0	60.0	21.0	1	6	3
31.0	52.0	27.0	3	10	4	22	3	13	2
35.0	69.0	23.0	5	7	7	12	4	8	4	6	4	4	4
53.0	52.0	11.0	4	7	5	7	5	8	3	24	2
65.0	55.0	14.0	5	7	5	18	3	16	3	16	3	5	3
63.0	65.0	8.0	5	7	8	6	6	11	3	18	2	5	2
2.0	60.0	5.0	1	11	5
20.0	20.0	8.0	2	11	3	11	2
5.0	5.0	16.0	2	8	9	9	4
60.0	12.0	31.0	1	20	3
40.0	25.0	9.0	1	11	3
42.0	7.0	5.0	4	9	6	16	3	20	2	13	2
24.0	12.0	5.0	2	21	3	18	2
23.0	3.0	7.0	2	7	5	13	3
11.0	14.0	18.0	5	5	12	7	8	4	8	7	5	13	4
6.0	38.0	16.0	4	20	4	6	4	11	3	10	3
2.0	48.0	1.0	1	7	11
8.0	56.0	27.0	1	8	4
13.0	52.0	36.0	2	5	10	7	6
6.0	68.0	30.0	5	5	9	19	4	7	3	5	3	7	2
47.0	47.0	13.0	5	7	8	6	5	8	4	7	4	8	3
49.0	58.0	10.0	3	6	7	6	4	13	2
27.0	43.0	9.0	1	5	4
37.0	31.0	14.0	2	4	10	7	4
57.0	29.0	18.0	4	6	10	5	9	15	4	5	2
63.0	23.0	2.0	2	5	8	7	6
53.0	12.0	6.0	5	7	10	8	5	22	4	21	3	6	2
32.0	12.0	7.0	4	5	11	6	7	8	4	4	3
36.0	26.0	18.0	3	8	5	7	4	7	3
21.0	24.0	28.0	3	6	9	5	9	21	2
17.0	34.0	3.0	3	10	6	5	5	4	4
12.0	24.0	13.0	4	7	10	9	5	7	3	4	2
24.0	58.0	19.0	3	7	10	8	5	7	3
27.0	69.0	10.0	4	6	8	7	7	19	4	7	3
15.0	77.0	9.0	2	23	3	23	2
62.0	77.0	20.0	4	6	7	4	6	11	5	8	3
49.0	73.0	25.0	1	9	4
67.0	5.0	25.0	3	13	4	5	4	13	2
56.0	39.0	36.0	5	5	9	20	4	7	4	6	3	4	3
37.0	47.0	6.0	3	5	6	11	4	8	3
37.0	56.0	5.0	4	5	9	4	8	20	4	15	2
57.0	68.0	15.0	2	6	4	11	3
47.0	16.0	25.0	2	8	4	6	3
44.0	17.0	9.0	1	6	6
46.0	13.0	8.0	5	5	8	4	5	17	2	11	2	6	2
49.0	11.0	18.0	5	10	5	15	3	13	3	7	3	7	2
49.0	42.0	13.0	4	6	5	10	4	6	4	22	3
53.0	43.0	14.0	5	6	7	14	4	9	4	5	4	12	2
61.0	52.0	3.0	3	5	11	6	6	8	5
57.0	48.0	23.0	4	8	9	6	6	4	4	17	3
56.0	37.0	6.0	5	8	7	22	3	16	3	14	3	4	2
55.0	54.0	26.0	5	6	12	7	11	6	6	21	4	5	3
15.0	47.0	16.0	4	8	4	8	3	5	2	4	2
14.0	37.0	11.0	4	7	10	6	8	5	8	8	3
11.0	31.0	7.0	2	5	10	8	4
16.0	22.0	41.0	2	5	5	12	3
4.0	18.0	35.0	1	16	3
28.0	18.0	26.0	1	20	2
26.0	52.0	9.0	2	5	5	12	3
26.0	35.0	15.0	1	12	3
31.0	67.0	3.0	5	7	10	8	9	8	8	13	3	9	3
15.0	19.0	1.0	3	8	8	11	5	13	3
22.0	22.0	2.0	3	6	11	8	10	5	10
18.0	24.0	22.0	4	6	12	7	9	5	6	9	2
26.0	27.0	27.0	2	5	4	19	3
25.0	24.0	20.0	5	4	5	15	4	11	4	6	4	15	3
22.0	27.0	11.0	2	7	4	7	3
25.0	21.0	12.0	1	4	9
19.0	21.0	10.0	2	10	4	6	3
20.0	26.0	9.0	1	7	12
18.0	18.0	17.0	5	5	11	7	6	4	6	17	3	9	3