# x   |  y    | demand	| numItems | l - w (for each item)
35.0	35.0	0.0	0
41.0	49.0	10.0	4	14	4	15	3	30	2	22	2
35.0	17.0	7.0	3	6	14	6	7	20	3
55.0	45.0	13.0	2	8	6	7	6
55.0	20.0	19.0	1	7	7
15.0	30.0	26.0	3	7	9	13	5	15	3
25.0	30.0	3.0	1	15	4
20.0	50.0	5.0	1	5	9
10.0	43.0	9.0	2	5	4	9	3
55.0	60.0	16.0	2	6	4	15	3
30.0	60.0	16.0	1	14	5
20.0	65.0	12.0	4	4	9	6	5	22	4	22	2
50.0	35.0	19.0	1	22	3
30.0	25.0	23.0	1	8	11
15.0	10.0	20.0	2	5	11	8	7
30.0	5.0	8.0	4	7	13	7	12	7	7	6	3
10.0	20.0	19.0	4	11	7	6	7	6	5	14	3
5.0	30.0	2.0	3	5	11	4	10	14	4
20.0	40.0	12.0	1	7	3
15.0	60.0	17.0	1	7	8
45.0	65.0	9.0	4	9	5	20	4	5	4	17	2
45.0	20.0	11.0	1	7	7
45.0	10.0	18.0	4	8	13	7	13	17	4	24	3
55.0	5.0	29.0	2	8	6	9	4
65.0	35.0	3.0	4	7	9	8	6	6	6	5	6
65.0	20.0	6.0	1	5	4
45.0	30.0	17.0	1	23	3
35.0	40.0	16.0	3	6	12	15	7	6	6
41.0	37.0	16.0	4	6	8	14	5	6	4	28	3
64.0	42.0	9.0	4	7	9	22	3	16	2	5	2
40.0	60.0	21.0	3	6	8	5	7	5	3
31.0	52.0	27.0	3	7	12	6	4	5	2
35.0	69.0	23.0	3	7	12	4	12	13	5
53.0	52.0	11.0	4	8	13	7	11	26	3	15	2
65.0	55.0	14.0	1	13	4
63.0	65.0	8.0	3	7	8	7	4	15	3
2.0	60.0	5.0	4	5	13	5	5	19	2	6	2
20.0	20.0	8.0	1	31	3
5.0	5.0	16.0	2	17	4	17	3
60.0	12.0	31.0	3	7	9	6	7	5	7
40.0	25.0	9.0	4	5	9	11	6	4	6	28	3
42.0	7.0	5.0	3	25	4	21	3	16	2
24.0	12.0	5.0	2	12	7	15	6
23.0	3.0	7.0	3	5	10	21	4	15	3
11.0	14.0	18.0	2	7	7	16	4
6.0	38.0	16.0	2	6	6	13	4
2.0	48.0	1.0	4	15	6	7	6	10	5	8	4
8.0	56.0	27.0	3	6	9	6	8	5	3
13.0	52.0	36.0	2	14	4	31	3
6.0	68.0	30.0	3	6	5	22	3	7	2
47.0	47.0	13.0	4	5	12	14	4	29	3	23	2
49.0	58.0	10.0	3	13	7	22	3	17	3
27.0	43.0	9.0	2	12	7	12	4
37.0	31.0	14.0	1	21	2
57.0	29.0	18.0	3	8	6	6	6	32	2
63.0	23.0	2.0	1	8	8
53.0	12.0	6.0	1	8	9
32.0	12.0	7.0	4	6	8	6	8	8	6	11	5
36.0	26.0	18.0	2	22	3	13	2
21.0	24.0	28.0	2	9	5	17	3
17.0	34.0	3.0	3	8	14	7	4	27	3
12.0	24.0	13.0	4	6	8	7	7	10	5	29	3
24.0	58.0	19.0	4	7	14	5	13	12	4	7	4
27.0	69.0	10.0	4	8	13	14	5	14	3	10	3
15.0	77.0	9.0	3	6	8	22	3	16	3
62.0	77.0	20.0	2	10	6	23	2
49.0	73.0	25.0	2	8	11	14	4
67.0	5.0	25.0	2	5	7	4	6
56.0	39.0	36.0	4	4	10	21	2	16	2	15	2
37.0	47.0	6.0	4	12	6	6	6	5	6	15	3
37.0	56.0	5.0	4	5	13	5	12	6	8	4	8
57.0	68.0	15.0	1	7	7
47.0	16.0	25.0	2	4	7	24	3
44.0	17.0	9.0	3	15	4	10	4	30	3
46.0	13.0	8.0	1	5	2
49.0	11.0	18.0	1	7	6
49.0	42.0	13.0	3	21	4	22	3	19	3
53.0	43.0	14.0	3	11	8	26	3	14	2
61.0	52.0	3.0	3	6	10	27	3	25	2
57.0	48.0	23.0	3	8	14	7	10	22	3
56.0	37.0	6.0	4	6	11	7	9	16	6	22	4
55.0	54.0	26.0	2	5	10	24	3
15.0	47.0	16.0	2	6	12	6	9
14.0	37.0	11.0	2	6	8	22	4
11.0	31.0	7.0	1	25	4
16.0	22.0	41.0	3	4	5	31	4	19	2
4.0	18.0	35.0	4	8	14	5	10	8	8	16	4
28.0	18.0	26.0	4	6	9	15	8	5	8	23	2
26.0	52.0	9.0	1	14	4
26.0	35.0	15.0	4	6	11	4	8	6	6	21	3
31.0	67.0	3.0	2	28	3	13	2
15.0	19.0	1.0	2	7	14	8	9
22.0	22.0	2.0	2	6	9	5	8
18.0	24.0	22.0	2	4	9	5	8
26.0	27.0	27.0	3	8	5	13	4	11	4
25.0	24.0	20.0	3	7	8	20	4	5	4
22.0	27.0	11.0	2	18	3	13	3
25.0	21.0	12.0	4	15	6	9	6	6	4	19	3
19.0	21.0	10.0	2	4	8	6	4
20.0	26.0	9.0	1	31	4
18.0	18.0	17.0	3	6	12	7	7	5	4
37.0	52.0	7.0	1	5	11
49.0	49.0	30.0	1	7	13
52.0	64.0	16.0	3	5	11	6	10	28	3
20.0	26.0	9.0	3	7	14	6	13	8	6
40.0	30.0	21.0	3	7	9	8	7	7	6
21.0	47.0	15.0	2	5	13	30	3
17.0	63.0	19.0	4	10	7	6	5	8	4	8	3
31.0	62.0	23.0	4	5	13	9	5	14	3	15	2
52.0	33.0	11.0	4	6	9	29	4	9	3	8	3
51.0	21.0	5.0	1	12	6
42.0	41.0	19.0	2	5	7	4	6
31.0	32.0	29.0	3	5	12	30	3	22	2
5.0	25.0	23.0	2	27	4	17	3
12.0	42.0	21.0	1	9	5
36.0	16.0	10.0	1	30	2
52.0	41.0	15.0	3	6	9	17	4	7	4
27.0	23.0	3.0	2	6	6	31	4
17.0	33.0	41.0	1	6	10
13.0	13.0	9.0	4	6	7	4	7	6	5	14	4
57.0	58.0	28.0	1	19	4
62.0	42.0	8.0	2	4	11	7	7
42.0	57.0	8.0	1	14	8
16.0	57.0	16.0	3	7	8	12	4	10	4
8.0	52.0	10.0	2	18	3	14	3
7.0	38.0	28.0	4	7	9	4	8	23	3	7	2
27.0	68.0	7.0	1	5	6
30.0	48.0	15.0	3	5	7	6	5	19	4
43.0	67.0	14.0	4	5	6	23	4	20	4	26	3
58.0	48.0	6.0	3	15	4	28	3	26	3
58.0	27.0	19.0	4	4	6	21	4	5	4	23	3
37.0	69.0	11.0	4	8	14	10	7	5	6	7	4
38.0	46.0	12.0	4	31	4	14	3	12	3	12	2
46.0	10.0	23.0	3	7	13	4	5	31	4
61.0	33.0	26.0	2	6	12	9	7
62.0	63.0	17.0	2	15	5	21	4
63.0	69.0	6.0	3	6	10	16	4	25	3
32.0	22.0	9.0	4	11	6	20	3	15	3	21	2
45.0	35.0	15.0	1	7	9
59.0	15.0	14.0	4	7	11	8	9	12	6	6	4
5.0	6.0	7.0	1	24	3
10.0	17.0	27.0	3	8	8	9	7	18	3
21.0	10.0	13.0	3	14	5	4	5	9	3
5.0	64.0	11.0	2	27	3	28	2
30.0	15.0	16.0	3	6	12	8	8	13	6
39.0	10.0	10.0	4	5	9	7	8	31	3	25	2
32.0	39.0	5.0	2	15	7	26	4
25.0	32.0	25.0	4	7	7	28	4	16	3	15	3
25.0	55.0	17.0	1	8	5
48.0	28.0	18.0	3	7	7	5	5	28	4
56.0	37.0	10.0	3	8	6	5	6	8	2
22.0	22.0	18.0	3	20	4	13	3	16	2
36.0	26.0	26.0	1	32	3
21.0	45.0	11.0	4	7	9	5	5	7	4	13	3
45.0	35.0	30.0	2	24	3	15	3
55.0	20.0	21.0	4	14	5	14	4	29	2	14	2
33.0	34.0	19.0	1	14	4
50.0	50.0	15.0	3	15	7	20	4	10	3
55.0	45.0	16.0	2	7	13	23	3
26.0	59.0	29.0	2	7	13	14	3
40.0	66.0	26.0	4	4	13	6	10	5	5	13	4
55.0	65.0	37.0	2	13	2	10	2
35.0	51.0	16.0	3	4	7	6	6	22	3
62.0	35.0	12.0	4	6	13	10	8	26	4	17	2
62.0	57.0	31.0	4	5	9	8	8	8	7	11	3
62.0	24.0	8.0	3	6	7	7	3	31	2
21.0	36.0	19.0	4	13	6	4	5	18	2	18	2
33.0	44.0	20.0	2	13	6	27	3
9.0	56.0	13.0	4	7	9	5	5	15	3	12	3
62.0	48.0	15.0	1	12	5
66.0	14.0	22.0	4	6	12	5	7	14	3	17	2
44.0	13.0	28.0	3	4	12	5	11	30	3
26.0	13.0	12.0	2	5	11	7	5
11.0	28.0	6.0	3	7	10	21	4	7	2
7.0	43.0	27.0	2	7	12	7	4
17.0	64.0	14.0	2	7	7	25	3
41.0	46.0	18.0	2	5	11	14	6
55.0	34.0	17.0	2	4	12	23	2
35.0	16.0	29.0	1	24	2
52.0	26.0	13.0	3	5	14	12	4	6	4
43.0	26.0	22.0	3	8	4	32	3	9	3
31.0	76.0	25.0	3	11	8	7	7	6	6
22.0	53.0	28.0	2	7	9	10	7
26.0	29.0	27.0	2	6	9	6	4
50.0	40.0	19.0	3	5	9	22	4	23	3
55.0	50.0	10.0	2	5	12	32	3
54.0	10.0	12.0	1	25	2
60.0	15.0	14.0	4	6	11	19	3	18	3	11	3
47.0	66.0	24.0	4	10	7	8	7	12	4	15	3
30.0	60.0	16.0	4	5	12	6	5	31	4	17	3
30.0	50.0	33.0	2	5	10	7	4
12.0	17.0	15.0	2	15	6	5	6
15.0	14.0	11.0	1	15	4
16.0	19.0	18.0	4	7	9	22	4	17	3	5	3
21.0	48.0	17.0	1	7	7
50.0	30.0	21.0	2	8	7	32	3
51.0	42.0	27.0	2	12	7	5	5
50.0	15.0	19.0	4	13	7	5	7	8	4	8	3
48.0	21.0	20.0	4	5	9	4	9	5	5	28	4
12.0	38.0	5.0	1	30	3