# x   |  y    | demand	| numItems | l - w (for each item)
35.0	35.0	0.0	0
22.0	22.0	18.0	1	11	6
36.0	26.0	26.0	1	15	2
21.0	45.0	11.0	4	6	7	24	4	24	3	16	3
45.0	35.0	30.0	1	29	3
55.0	20.0	21.0	1	4	10
33.0	34.0	19.0	1	4	7
50.0	50.0	15.0	2	7	5	17	3
55.0	45.0	16.0	2	17	3	11	3
26.0	59.0	29.0	4	8	6	4	6	20	4	14	2
40.0	66.0	26.0	1	22	3
55.0	65.0	37.0	3	6	9	22	4	19	3
35.0	51.0	16.0	4	5	14	6	10	8	7	10	4
62.0	35.0	12.0	3	6	11	6	9	4	5
62.0	57.0	31.0	2	13	4	9	3
62.0	24.0	8.0	3	13	6	14	4	15	3
21.0	36.0	19.0	3	32	4	9	4	23	2
33.0	44.0	20.0	4	17	4	27	3	19	3	16	3
9.0	56.0	13.0	3	7	10	7	6	17	3
62.0	48.0	15.0	2	19	3	10	3
66.0	14.0	22.0	2	11	7	14	6
44.0	13.0	28.0	4	7	12	26	4	26	3	13	3
26.0	13.0	12.0	3	8	12	15	7	26	2
11.0	28.0	6.0	2	6	10	24	4
7.0	43.0	27.0	3	7	10	6	7	25	2
17.0	64.0	14.0	3	21	3	13	3	13	2
41.0	46.0	18.0	2	6	11	26	4
55.0	34.0	17.0	3	5	7	5	6	16	4
35.0	16.0	29.0	1	20	3
52.0	26.0	13.0	3	6	11	32	2	19	2
43.0	26.0	22.0	3	7	7	20	4	9	4
31.0	76.0	25.0	3	12	7	12	5	5	3
22.0	53.0	28.0	2	6	6	15	2
26.0	29.0	27.0	1	8	6
50.0	40.0	19.0	1	7	8
55.0	50.0	10.0	1	19	3
54.0	10.0	12.0	3	30	3	16	3	5	2
60.0	15.0	14.0	2	6	9	18	3
47.0	66.0	24.0	3	7	12	29	4	26	4
30.0	60.0	16.0	2	7	5	8	4
30.0	50.0	33.0	2	14	4	9	2
12.0	17.0	15.0	3	7	8	13	3	13	3
15.0	14.0	11.0	1	17	2
16.0	19.0	18.0	4	5	8	7	6	4	6	31	2
21.0	48.0	17.0	1	7	12
50.0	30.0	21.0	2	8	13	16	3
51.0	42.0	27.0	1	10	5
50.0	15.0	19.0	2	6	12	20	2
48.0	21.0	20.0	4	4	11	8	7	31	3	21	3
12.0	38.0	5.0	3	7	9	8	7	7	3
37.0	52.0	7.0	3	6	9	4	9	13	3
49.0	49.0	30.0	1	31	3
52.0	64.0	16.0	4	7	12	7	9	12	6	15	4
20.0	26.0	9.0	1	16	2
40.0	30.0	21.0	3	4	13	26	4	21	3
21.0	47.0	15.0	1	31	3
17.0	63.0	19.0	4	7	14	6	9	5	7	6	3
31.0	62.0	23.0	4	14	8	7	7	14	4	12	3
52.0	33.0	11.0	4	25	4	10	4	24	3	21	3
51.0	21.0	5.0	1	15	3
42.0	41.0	19.0	3	7	7	6	7	21	4
31.0	32.0	29.0	3	14	5	10	4	27	3
5.0	25.0	23.0	4	7	10	7	7	13	5	6	5
12.0	42.0	21.0	1	9	4
36.0	16.0	10.0	2	5	12	16	3
52.0	41.0	15.0	2	15	5	5	4
27.0	23.0	3.0	2	5	6	26	4
17.0	33.0	41.0	1	14	6
13.0	13.0	9.0	2	12	6	16	2
57.0	58.0	28.0	4	6	10	6	7	8	4	8	4
62.0	42.0	8.0	2	4	5	21	2
42.0	57.0	8.0	2	11	6	11	2
16.0	57.0	16.0	1	6	5
8.0	52.0	10.0	1	8	7
7.0	38.0	28.0	4	7	11	16	4	25	3	21	3
27.0	68.0	7.0	1	5	10
30.0	48.0	15.0	4	7	12	11	7	11	6	4	5
43.0	67.0	14.0	3	6	13	6	13	24	3
58.0	48.0	6.0	4	5	12	5	11	4	5	9	4
58.0	27.0	19.0	3	5	12	15	6	12	5
37.0	69.0	11.0	4	15	6	5	5	22	4	27	3
38.0	46.0	12.0	2	7	12	7	6
46.0	10.0	23.0	4	5	7	5	6	30	4	18	4
61.0	33.0	26.0	1	7	8
62.0	63.0	17.0	1	13	3
63.0	69.0	6.0	4	6	13	10	7	6	5	10	3
32.0	22.0	9.0	4	6	10	11	7	8	7	6	3
45.0	35.0	15.0	1	6	10
59.0	15.0	14.0	3	8	8	7	4	21	3
5.0	6.0	7.0	4	9	5	7	4	8	3	25	2
10.0	17.0	27.0	3	5	4	26	2	25	2
21.0	10.0	13.0	3	7	8	7	5	17	2
5.0	64.0	11.0	4	12	8	11	5	10	4	15	2
30.0	15.0	16.0	3	8	12	6	4	27	3
39.0	10.0	10.0	4	7	13	9	4	17	3	14	2
32.0	39.0	5.0	1	4	3
25.0	32.0	25.0	2	7	14	12	7
25.0	55.0	17.0	1	7	9
48.0	28.0	18.0	4	6	13	6	9	5	7	21	2
56.0	37.0	10.0	4	6	11	5	9	9	6	11	5
41.0	49.0	10.0	2	15	7	12	3
35.0	17.0	7.0	3	31	4	22	3	29	2
55.0	45.0	13.0	2	8	7	6	3
55.0	20.0	19.0	1	24	2
15.0	30.0	26.0	3	6	9	13	6	7	4
25.0	30.0	3.0	1	30	2
20.0	50.0	5.0	2	15	6	10	4
10.0	43.0	9.0	3	14	7	9	5	23	4
55.0	60.0	16.0	4	4	8	22	4	19	4	15	4
30.0	60.0	16.0	3	8	11	15	5	7	5
20.0	65.0	12.0	2	18	2	16	2
50.0	35.0	19.0	3	24	4	7	4	23	3
30.0	25.0	23.0	2	10	7	23	3
15.0	10.0	20.0	4	5	12	4	12	5	8	29	2
30.0	5.0	8.0	2	4	8	4	4
10.0	20.0	19.0	1	14	4
5.0	30.0	2.0	4	7	11	8	5	7	4	15	3
20.0	40.0	12.0	1	22	2
15.0	60.0	17.0	1	9	4
45.0	65.0	9.0	2	13	8	9	3
45.0	20.0	11.0	4	5	6	11	5	18	4	21	3
45.0	10.0	18.0	2	8	10	8	7
55.0	5.0	29.0	1	13	8
65.0	35.0	3.0	3	5	5	30	3	26	2
65.0	20.0	6.0	2	4	6	27	3
45.0	30.0	17.0	4	6	14	14	4	29	3	29	3
35.0	40.0	16.0	1	6	7
41.0	37.0	16.0	4	6	10	5	5	18	3	16	3
64.0	42.0	9.0	3	6	12	8	7	29	3
40.0	60.0	21.0	3	6	8	12	3	4	3
31.0	52.0	27.0	4	16	5	15	4	22	3	14	3
35.0	69.0	23.0	2	22	3	16	3
53.0	52.0	11.0	3	6	9	12	6	14	5
65.0	55.0	14.0	2	14	8	8	4
63.0	65.0	8.0	1	4	10
2.0	60.0	5.0	2	27	4	12	2
20.0	20.0	8.0	1	28	2
5.0	5.0	16.0	4	7	6	7	5	31	2	10	2
60.0	12.0	31.0	4	4	8	12	4	24	3	31	2
40.0	25.0	9.0	1	6	6
42.0	7.0	5.0	1	7	9
24.0	12.0	5.0	4	6	11	4	8	21	4	14	3
23.0	3.0	7.0	4	5	9	14	4	28	3	19	3
11.0	14.0	18.0	2	17	3	12	2
6.0	38.0	16.0	4	8	14	5	11	6	9	13	2
2.0	48.0	1.0	1	7	4
8.0	56.0	27.0	2	7	7	8	4
13.0	52.0	36.0	2	11	5	21	4
6.0	68.0	30.0	2	9	5	8	5
47.0	47.0	13.0	1	16	3
49.0	58.0	10.0	4	5	8	14	7	12	5	13	3
27.0	43.0	9.0	3	4	9	7	7	14	5
37.0	31.0	14.0	2	22	3	28	2
57.0	29.0	18.0	2	15	3	13	3
63.0	23.0	2.0	4	8	6	10	5	6	3	5	3
53.0	12.0	6.0	1	6	12
32.0	12.0	7.0	4	11	8	10	6	13	5	7	3
36.0	26.0	18.0	1	5	9
21.0	24.0	28.0	1	12	3
17.0	34.0	3.0	1	12	3
12.0	24.0	13.0	1	25	3
24.0	58.0	19.0	2	4	5	21	4
27.0	69.0	10.0	4	6	7	8	4	17	3	29	2
15.0	77.0	9.0	4	8	14	5	9	22	4	14	3
62.0	77.0	20.0	3	28	4	14	3	7	3
49.0	73.0	25.0	3	7	11	30	3	21	3
67.0	5.0	25.0	3	7	11	13	7	9	4
56.0	39.0	36.0	4	6	12	4	10	13	8	13	2
37.0	47.0	6.0	1	5	11
37.0	56.0	5.0	2	6	5	31	4
57.0	68.0	15.0	3	7	9	6	7	22	2
47.0	16.0	25.0	2	4	12	19	2
44.0	17.0	9.0	3	8	14	10	8	8	3
46.0	13.0	8.0	1	6	6
49.0	11.0	18.0	2	6	4	18	3
49.0	42.0	13.0	2	13	5	25	3
53.0	43.0	14.0	4	7	13	4	13	5	5	29	3
61.0	52.0	3.0	4	5	14	7	13	5	10	8	4
57.0	48.0	23.0	3	8	4	24	2	19	2
56.0	37.0	6.0	1	22	3
55.0	54.0	26.0	1	7	9
15.0	47.0	16.0	4	7	10	10	7	12	4	32	3
14.0	37.0	11.0	4	15	4	6	4	31	3	18	3
11.0	31.0	7.0	2	8	7	20	4
16.0	22.0	41.0	3	15	4	29	3	18	3
4.0	18.0	35.0	3	7	11	5	10	12	8
28.0	18.0	26.0	3	7	12	6	11	8	10
26.0	52.0	9.0	4	8	14	7	6	19	3	16	3
26.0	35.0	15.0	3	11	6	8	5	23	3
31.0	67.0	3.0	3	7	7	23	3	7	2
15.0	19.0	1.0	3	16	5	24	4	24	3
22.0	22.0	2.0	1	5	2
18.0	24.0	22.0	4	5	8	12	4	26	3	17	3
26.0	27.0	27.0	3	5	7	25	4	12	3
25.0	24.0	20.0	2	11	6	12	2
22.0	27.0	11.0	3	4	6	17	2	15	2
25.0	21.0	12.0	1	6	9
19.0	21.0	10.0	4	4	10	32	4	29	3	24	3
20.0	26.0	9.0	4	5	13	5	10	5	5	28	2
18.0	18.0	17.0	2	5	7	24	2