# x   |  y    | demand	| numItems | l - w (for each item)
35.0	35.0	0.0	0
41.0	49.0	10.0	2	7	10	33	3
35.0	17.0	7.0	1	11	9
55.0	45.0	13.0	1	8	14
55.0	20.0	19.0	2	7	17	17	3
15.0	30.0	26.0	1	9	5
25.0	30.0	3.0	2	19	3	17	3
20.0	50.0	5.0	1	18	7
10.0	43.0	9.0	1	7	13
55.0	60.0	16.0	2	10	9	8	4
30.0	60.0	16.0	2	8	15	14	5
20.0	65.0	12.0	1	7	12
50.0	35.0	19.0	2	14	10	13	8
30.0	25.0	23.0	2	4	10	12	4
15.0	10.0	20.0	2	19	6	19	2
30.0	5.0	8.0	1	24	3
10.0	20.0	19.0	1	15	8
5.0	30.0	2.0	2	8	9	16	7
20.0	40.0	12.0	1	26	4
15.0	60.0	17.0	1	18	9
45.0	65.0	9.0	1	7	14
45.0	20.0	11.0	1	21	4
45.0	10.0	18.0	2	5	11	30	3
55.0	5.0	29.0	1	28	2
65.0	35.0	3.0	1	18	9
65.0	20.0	6.0	2	6	13	23	3
45.0	30.0	17.0	1	19	7
35.0	40.0	16.0	2	7	12	34	3
41.0	37.0	16.0	2	7	11	34	3
64.0	42.0	9.0	1	12	9
40.0	60.0	21.0	1	7	9
31.0	52.0	27.0	1	15	5
35.0	69.0	23.0	1	16	4
53.0	52.0	11.0	1	13	7
65.0	55.0	14.0	2	14	8	9	5
63.0	65.0	8.0	2	17	6	15	6
2.0	60.0	5.0	1	30	3
20.0	20.0	8.0	1	16	8
5.0	5.0	16.0	2	5	13	36	4
60.0	12.0	31.0	2	12	5	36	4
40.0	25.0	9.0	2	18	7	32	3
42.0	7.0	5.0	2	16	8	10	6
24.0	12.0	5.0	2	4	15	15	6
23.0	3.0	7.0	1	4	16
11.0	14.0	18.0	2	7	11	13	7
6.0	38.0	16.0	2	24	4	36	3
2.0	48.0	1.0	1	13	9
8.0	56.0	27.0	2	4	17	34	3
13.0	52.0	36.0	2	6	15	7	11
6.0	68.0	30.0	1	4	12
47.0	47.0	13.0	1	34	3
49.0	58.0	10.0	2	10	10	21	3
27.0	43.0	9.0	1	11	9
37.0	31.0	14.0	1	19	3
57.0	29.0	18.0	2	5	11	20	3
63.0	23.0	2.0	1	7	14
53.0	12.0	6.0	2	34	4	33	3
32.0	12.0	7.0	2	5	10	11	7
36.0	26.0	18.0	2	4	15	8	14
21.0	24.0	28.0	1	6	16
17.0	34.0	3.0	2	8	9	4	9
12.0	24.0	13.0	2	9	7	18	4
24.0	58.0	19.0	1	23	2
27.0	69.0	10.0	1	22	3
15.0	77.0	9.0	2	5	14	4	12
62.0	77.0	20.0	2	7	11	29	2
49.0	73.0	25.0	1	10	8
67.0	5.0	25.0	1	24	3
56.0	39.0	36.0	1	5	17
37.0	47.0	6.0	1	35	4
37.0	56.0	5.0	1	28	3
57.0	68.0	15.0	2	5	15	17	8
47.0	16.0	25.0	2	10	6	32	3
44.0	17.0	9.0	1	24	3
46.0	13.0	8.0	1	18	9
49.0	11.0	18.0	1	5	11
49.0	42.0	13.0	2	8	15	8	14
53.0	43.0	14.0	1	32	3
61.0	52.0	3.0	1	31	3
57.0	48.0	23.0	2	8	13	4	10
56.0	37.0	6.0	2	5	11	11	5
55.0	54.0	26.0	2	13	6	36	3
15.0	47.0	16.0	1	17	5
14.0	37.0	11.0	1	15	4
11.0	31.0	7.0	1	8	14
16.0	22.0	41.0	1	5	8
4.0	18.0	35.0	1	20	3
28.0	18.0	26.0	2	12	6	10	6
26.0	52.0	9.0	1	5	17
26.0	35.0	15.0	2	11	9	19	4
31.0	67.0	3.0	1	7	10
15.0	19.0	1.0	1	20	3
22.0	22.0	2.0	2	12	8	15	7
18.0	24.0	22.0	2	18	5	32	3
26.0	27.0	27.0	1	5	9
25.0	24.0	20.0	1	8	7
22.0	27.0	11.0	2	18	4	25	3
25.0	21.0	12.0	1	5	12
19.0	21.0	10.0	1	29	3
20.0	26.0	9.0	1	6	9
18.0	18.0	17.0	2	6	8	31	2
37.0	52.0	7.0	2	16	8	16	8
49.0	49.0	30.0	1	12	6
52.0	64.0	16.0	2	7	15	15	5
20.0	26.0	9.0	1	7	13
40.0	30.0	21.0	2	23	4	29	3
21.0	47.0	15.0	2	11	8	18	5
17.0	63.0	19.0	2	7	15	16	2
31.0	62.0	23.0	1	7	12
52.0	33.0	11.0	2	5	15	7	11
51.0	21.0	5.0	1	14	9
42.0	41.0	19.0	2	5	10	9	6
31.0	32.0	29.0	1	10	10
5.0	25.0	23.0	2	6	18	11	7
12.0	42.0	21.0	1	35	4
36.0	16.0	10.0	2	23	4	34	3
52.0	41.0	15.0	2	25	3	20	2
27.0	23.0	3.0	1	33	4
17.0	33.0	41.0	2	5	17	7	16
13.0	13.0	9.0	2	8	10	27	2
57.0	58.0	28.0	1	7	11
62.0	42.0	8.0	1	14	7
42.0	57.0	8.0	1	8	11
16.0	57.0	16.0	2	10	5	19	3
8.0	52.0	10.0	1	34	3
7.0	38.0	28.0	1	28	2
27.0	68.0	7.0	2	16	8	33	3
30.0	48.0	15.0	2	7	11	29	4
43.0	67.0	14.0	1	5	10
58.0	48.0	6.0	1	5	17
58.0	27.0	19.0	2	7	13	13	8
37.0	69.0	11.0	2	7	17	19	9
38.0	46.0	12.0	1	17	3
46.0	10.0	23.0	2	18	3	33	2
61.0	33.0	26.0	2	7	9	24	3
62.0	63.0	17.0	1	4	13
63.0	69.0	6.0	1	14	4
32.0	22.0	9.0	2	35	3	27	2
45.0	35.0	15.0	1	4	9
59.0	15.0	14.0	1	18	8
5.0	6.0	7.0	2	34	3	22	3
10.0	17.0	27.0	2	5	15	18	9
21.0	10.0	13.0	1	5	15
5.0	64.0	11.0	2	16	8	16	8
30.0	15.0	16.0	2	7	12	16	7
39.0	10.0	10.0	2	7	17	11	5
32.0	39.0	5.0	2	28	3	22	3
25.0	32.0	25.0	1	26	4
25.0	55.0	17.0	2	8	11	8	9
48.0	28.0	18.0	1	10	7
56.0	37.0	10.0	2	7	15	7	9
22.0	22.0	18.0	2	17	7	9	7
36.0	26.0	26.0	1	21	3
21.0	45.0	11.0	2	4	18	4	13
45.0	35.0	30.0	2	8	18	35	2
55.0	20.0	21.0	1	5	14
33.0	34.0	19.0	2	10	8	11	6
50.0	50.0	15.0	2	15	8	18	4
55.0	45.0	16.0	1	22	4
26.0	59.0	29.0	1	20	8
40.0	66.0	26.0	1	33	4
55.0	65.0	37.0	2	16	5	34	3
35.0	51.0	16.0	2	25	3	18	3
62.0	35.0	12.0	2	9	6	25	2
62.0	57.0	31.0	1	17	6
62.0	24.0	8.0	1	35	2
21.0	36.0	19.0	2	5	17	16	7
33.0	44.0	20.0	2	11	9	22	4
9.0	56.0	13.0	2	13	9	16	5
62.0	48.0	15.0	1	21	2
66.0	14.0	22.0	2	6	14	14	5
44.0	13.0	28.0	2	5	18	17	2
26.0	13.0	12.0	2	7	11	36	3
11.0	28.0	6.0	2	5	10	11	6
7.0	43.0	27.0	1	6	16
17.0	64.0	14.0	1	32	2
41.0	46.0	18.0	1	18	4
55.0	34.0	17.0	1	18	3
35.0	16.0	29.0	2	7	18	8	12
52.0	26.0	13.0	1	7	17
43.0	26.0	22.0	1	18	7
31.0	76.0	25.0	2	18	7	17	5
22.0	53.0	28.0	2	29	4	17	3
26.0	29.0	27.0	2	31	4	18	4
50.0	40.0	19.0	1	17	4
55.0	50.0	10.0	2	11	8	18	3
54.0	10.0	12.0	1	8	5
60.0	15.0	14.0	1	35	4
47.0	66.0	24.0	2	19	10	33	2
30.0	60.0	16.0	1	7	8
30.0	50.0	33.0	1	20	4
12.0	17.0	15.0	2	7	11	6	9
15.0	14.0	11.0	2	5	16	4	15
16.0	19.0	18.0	2	12	8	32	4
21.0	48.0	17.0	2	14	9	33	3
50.0	30.0	21.0	2	16	8	12	7
51.0	42.0	27.0	1	14	7
50.0	15.0	19.0	1	35	3
48.0	21.0	20.0	1	30	3
12.0	38.0	5.0	2	12	6	33	2