# x   |  y    | demand	| numItems | l - w (for each item)
35.0	35.0	0.0	0
22.0	22.0	18.0	2	5	11	17	3
36.0	26.0	26.0	3	15	7	10	6	30	3
21.0	45.0	11.0	2	6	15	15	5
45.0	35.0	30.0	3	15	5	26	4	20	3
55.0	20.0	21.0	3	6	12	12	6	30	4
33.0	34.0	19.0	3	7	9	9	7	4	7
50.0	50.0	15.0	3	31	4	22	4	30	3
55.0	45.0	16.0	2	6	16	17	3
26.0	59.0	29.0	1	5	7
40.0	66.0	26.0	3	9	6	9	4	19	3
55.0	65.0	37.0	3	9	5	20	3	16	2
35.0	51.0	16.0	2	15	6	28	3
62.0	35.0	12.0	1	22	4
62.0	57.0	31.0	3	7	11	29	3	22	3
62.0	24.0	8.0	1	5	15
21.0	36.0	19.0	2	5	14	7	10
33.0	44.0	20.0	1	13	8
9.0	56.0	13.0	2	11	7	10	6
62.0	48.0	15.0	2	6	11	19	3
66.0	14.0	22.0	3	6	10	4	10	28	4
44.0	13.0	28.0	1	11	5
26.0	13.0	12.0	1	13	4
11.0	28.0	6.0	1	18	2
7.0	43.0	27.0	1	13	4
17.0	64.0	14.0	2	8	10	10	5
41.0	46.0	18.0	3	6	8	5	7	15	5
55.0	34.0	17.0	3	4	13	8	10	9	6
35.0	16.0	29.0	2	7	15	30	2
52.0	26.0	13.0	3	5	15	5	11	29	3
43.0	26.0	22.0	1	6	7
31.0	76.0	25.0	1	5	15
22.0	53.0	28.0	3	8	8	31	2	22	2
26.0	29.0	27.0	2	8	13	14	7
50.0	40.0	19.0	1	6	11
55.0	50.0	10.0	1	26	4
54.0	10.0	12.0	3	15	7	12	7	11	6
60.0	15.0	14.0	1	11	8
47.0	66.0	24.0	3	12	8	15	5	30	4
30.0	60.0	16.0	1	14	4
30.0	50.0	33.0	1	11	7
12.0	17.0	15.0	2	6	11	29	3
15.0	14.0	11.0	2	6	15	7	9
16.0	19.0	18.0	3	6	16	7	15	13	4
21.0	48.0	17.0	2	6	11	6	6
50.0	30.0	21.0	2	7	15	27	4
51.0	42.0	27.0	2	7	9	6	8
50.0	15.0	19.0	2	13	8	17	4
48.0	21.0	20.0	2	7	13	15	8
12.0	38.0	5.0	1	10	6
37.0	52.0	7.0	3	15	8	6	8	16	2
49.0	49.0	30.0	2	5	14	24	3
52.0	64.0	16.0	2	4	13	8	10
20.0	26.0	9.0	1	6	16
40.0	30.0	21.0	1	8	6
21.0	47.0	15.0	3	13	7	11	6	21	3
17.0	63.0	19.0	2	14	4	18	2
31.0	62.0	23.0	1	14	7
52.0	33.0	11.0	2	15	7	31	2
51.0	21.0	5.0	3	4	14	14	7	14	5
42.0	41.0	19.0	1	18	2
31.0	32.0	29.0	3	8	13	26	3	29	2
5.0	25.0	23.0	3	6	13	16	7	8	7
12.0	42.0	21.0	2	5	11	4	10
36.0	16.0	10.0	3	7	15	7	11	6	9
52.0	41.0	15.0	2	4	15	4	8
27.0	23.0	3.0	1	4	8
17.0	33.0	41.0	3	4	10	9	5	18	4
13.0	13.0	9.0	2	8	13	14	7
57.0	58.0	28.0	1	24	2
62.0	42.0	8.0	3	5	12	9	7	12	4
42.0	57.0	8.0	1	8	8
16.0	57.0	16.0	3	8	9	9	6	22	3
8.0	52.0	10.0	2	5	13	23	2
7.0	38.0	28.0	3	14	5	31	4	25	3
27.0	68.0	7.0	2	7	12	12	3
30.0	48.0	15.0	2	12	5	18	3
43.0	67.0	14.0	1	14	7
58.0	48.0	6.0	1	15	5
58.0	27.0	19.0	1	5	16
37.0	69.0	11.0	3	8	10	14	5	11	5
38.0	46.0	12.0	3	4	14	10	6	16	3
46.0	10.0	23.0	2	6	11	29	2
61.0	33.0	26.0	2	5	11	19	3
62.0	63.0	17.0	2	7	13	14	8
63.0	69.0	6.0	1	10	6
32.0	22.0	9.0	1	13	4
45.0	35.0	15.0	2	9	6	27	2
59.0	15.0	14.0	2	6	14	8	10
5.0	6.0	7.0	2	9	8	12	6
10.0	17.0	27.0	1	13	3
21.0	10.0	13.0	3	7	9	19	4	11	4
5.0	64.0	11.0	2	6	10	12	6
30.0	15.0	16.0	2	22	3	16	3
39.0	10.0	10.0	2	11	6	15	5
32.0	39.0	5.0	1	27	3
25.0	32.0	25.0	3	15	7	15	5	9	4
25.0	55.0	17.0	1	5	9
48.0	28.0	18.0	1	13	4
56.0	37.0	10.0	1	5	7
41.0	49.0	10.0	1	28	3
35.0	17.0	7.0	1	24	3
55.0	45.0	13.0	1	12	7
55.0	20.0	19.0	1	13	7
15.0	30.0	26.0	1	6	8
25.0	30.0	3.0	1	12	5
20.0	50.0	5.0	1	13	5
10.0	43.0	9.0	3	5	10	6	9	12	6
55.0	60.0	16.0	2	12	7	14	4
30.0	60.0	16.0	3	7	16	6	13	24	3
20.0	65.0	12.0	2	12	5	23	4
50.0	35.0	19.0	1	20	4
30.0	25.0	23.0	2	4	7	27	3
15.0	10.0	20.0	3	7	15	6	12	9	8
30.0	5.0	8.0	3	7	13	7	10	11	6
10.0	20.0	19.0	1	32	3
5.0	30.0	2.0	1	8	8
20.0	40.0	12.0	2	6	15	26	4
15.0	60.0	17.0	3	7	15	6	8	9	7
45.0	65.0	9.0	3	11	6	17	2	14	2
45.0	20.0	11.0	3	10	5	28	4	13	3
45.0	10.0	18.0	1	28	4
55.0	5.0	29.0	2	13	8	25	3
65.0	35.0	3.0	1	26	3
65.0	20.0	6.0	1	26	4
45.0	30.0	17.0	2	9	7	11	5
35.0	40.0	16.0	3	5	14	12	4	31	3
41.0	37.0	16.0	2	14	4	22	3
64.0	42.0	9.0	2	5	10	7	9
40.0	60.0	21.0	2	14	5	14	5
31.0	52.0	27.0	1	6	7
35.0	69.0	23.0	2	15	5	11	5
53.0	52.0	11.0	3	13	6	15	3	12	3
65.0	55.0	14.0	2	26	3	20	2
63.0	65.0	8.0	2	15	5	13	5
2.0	60.0	5.0	2	6	12	14	6
20.0	20.0	8.0	1	28	2
5.0	5.0	16.0	3	5	14	6	8	13	2
60.0	12.0	31.0	3	9	7	12	6	12	6
40.0	25.0	9.0	2	5	14	5	14
42.0	7.0	5.0	1	16	2
24.0	12.0	5.0	3	4	15	4	8	9	6
23.0	3.0	7.0	2	4	14	14	4
11.0	14.0	18.0	3	16	6	23	4	15	4
6.0	38.0	16.0	2	30	3	20	3
2.0	48.0	1.0	3	6	15	7	13	18	3
8.0	56.0	27.0	2	14	5	16	3
13.0	52.0	36.0	2	32	3	18	2
6.0	68.0	30.0	1	22	4
47.0	47.0	13.0	1	28	3
49.0	58.0	10.0	2	4	9	25	3
27.0	43.0	9.0	1	5	13
37.0	31.0	14.0	2	4	14	10	4
57.0	29.0	18.0	2	5	11	27	2
63.0	23.0	2.0	1	13	5
53.0	12.0	6.0	2	6	12	5	6
32.0	12.0	7.0	2	6	12	12	8
36.0	26.0	18.0	3	7	14	28	2	15	2
21.0	24.0	28.0	3	5	14	31	4	27	2
17.0	34.0	3.0	2	10	5	14	2
12.0	24.0	13.0	3	6	10	7	8	8	7
24.0	58.0	19.0	2	12	7	31	2
27.0	69.0	10.0	1	9	7
15.0	77.0	9.0	3	6	8	14	5	11	5
62.0	77.0	20.0	3	7	12	13	4	26	3
49.0	73.0	25.0	3	10	8	15	7	21	4
67.0	5.0	25.0	3	12	6	29	4	15	4
56.0	39.0	36.0	2	5	9	29	4
37.0	47.0	6.0	1	7	10
37.0	56.0	5.0	3	5	14	5	6	9	4
57.0	68.0	15.0	3	7	9	8	6	18	3
47.0	16.0	25.0	3	5	13	7	12	21	3
44.0	17.0	9.0	1	7	10
46.0	13.0	8.0	3	8	14	6	9	5	9
49.0	11.0	18.0	2	15	4	19	3
49.0	42.0	13.0	3	6	13	7	8	15	3
53.0	43.0	14.0	2	18	4	13	4
61.0	52.0	3.0	1	10	5
57.0	48.0	23.0	1	7	12
56.0	37.0	6.0	2	13	3	32	2
55.0	54.0	26.0	3	13	6	13	6	17	3
15.0	47.0	16.0	3	12	5	18	3	12	3
14.0	37.0	11.0	3	7	8	8	7	11	5
11.0	31.0	7.0	3	10	8	5	8	9	6
16.0	22.0	41.0	3	11	4	10	4	9	4
4.0	18.0	35.0	3	5	16	5	14	11	6
28.0	18.0	26.0	2	5	9	13	2
26.0	52.0	9.0	1	29	3
26.0	35.0	15.0	2	10	5	32	3
31.0	67.0	3.0	3	6	13	10	6	30	3
15.0	19.0	1.0	3	5	13	23	3	29	2
22.0	22.0	2.0	3	4	14	4	14	4	13
18.0	24.0	22.0	2	4	15	12	6
26.0	27.0	27.0	3	12	7	9	7	16	5
25.0	24.0	20.0	3	11	4	15	3	19	2
22.0	27.0	11.0	1	8	5
25.0	21.0	12.0	3	4	9	26	4	21	3
19.0	21.0	10.0	2	10	7	29	4
20.0	26.0	9.0	2	13	6	11	5
18.0	18.0	17.0	3	15	7	12	7	31	3