# x   |  y    | demand	| numItems | l - w (for each item)
0.0	0.0	0.0	0
5.8	0.0	40.0	2	5	18	32	3
2.9	5.0	40.0	1	11	6
-2.9	5.0	40.0	2	13	8	10	7
-5.8	0.0	40.0	1	13	5
-2.9	-5.0	40.0	1	8	5
2.9	-5.0	40.0	2	10	9	15	5
8.7	5.0	40.0	1	31	4
0.0	10.0	40.0	2	10	5	22	4
-8.7	5.0	40.0	2	17	8	17	8
-8.7	-5.0	40.0	1	15	7
0.0	-10.0	40.0	1	5	17
8.7	-5.0	40.0	2	10	9	24	2
5.3	0.8	10.0	2	5	15	14	7
3.3	4.3	10.0	1	6	13
6.5	-1.3	10.0	1	12	9
7.2	-2.5	20.0	1	26	3
7.9	-3.8	10.0	2	8	13	29	4
6.5	1.3	10.0	1	18	8
7.2	2.5	20.0	1	15	8
7.9	3.8	10.0	1	11	5
2.0	5.0	10.0	2	8	9	34	3
-2.0	5.0	10.0	1	27	2
4.3	5.0	10.0	1	4	10
5.8	5.0	20.0	2	13	8	33	3
7.2	5.0	10.0	2	4	15	18	5
2.2	6.3	10.0	1	4	15
1.4	7.5	20.0	2	7	18	10	6
0.7	8.8	10.0	2	19	4	20	2
-3.3	4.3	10.0	2	5	17	8	6
-5.3	0.8	10.0	1	5	15
-2.2	6.3	10.0	1	8	17
-1.4	7.5	20.0	2	5	10	20	8
-0.7	8.8	10.0	2	6	16	13	9
-4.3	5.0	10.0	2	7	16	32	3
-5.8	5.0	20.0	2	7	10	5	9
-7.2	5.0	10.0	2	18	7	18	6
-5.3	-0.8	10.0	2	15	6	26	2
-3.3	-4.3	10.0	2	32	3	32	3
-6.5	1.3	10.0	2	4	17	32	2
-7.2	2.5	20.0	1	8	15
-7.9	3.8	10.0	1	17	3
-6.5	-1.3	10.0	1	21	2
-7.2	-2.5	20.0	2	14	8	13	4
-7.9	-3.8	10.0	1	20	9
-2.0	-5.0	10.0	2	8	18	17	8
2.0	-5.0	10.0	1	35	3
-4.3	-5.0	10.0	1	30	3
-5.8	-5.0	20.0	2	7	14	28	2
-7.2	-5.0	10.0	1	9	7
-2.2	-6.3	10.0	2	5	16	28	4
-1.4	-7.5	20.0	2	19	7	18	5
-0.7	-8.8	10.0	1	32	3
3.3	-4.3	10.0	2	9	10	19	3
5.3	-0.8	10.0	2	12	8	34	3
2.2	-6.3	10.0	2	5	16	15	8
1.4	-7.5	20.0	2	17	3	26	2
0.7	-8.8	10.0	1	13	7
4.3	-5.0	10.0	2	13	9	6	8
5.8	-5.0	20.0	2	7	13	15	9
7.2	-5.0	10.0	1	27	3
7.2	0.0	40.0	2	15	8	12	5
3.6	6.3	40.0	1	17	6
-3.6	6.3	40.0	1	19	10
-7.2	0.0	40.0	1	34	2
-3.6	-6.3	40.0	1	15	5
3.6	-6.3	40.0	1	16	9
10.8	6.3	40.0	2	18	7	35	3
0.0	12.5	40.0	2	7	15	22	3
-10.8	6.3	40.0	2	16	7	22	3
-10.8	-6.3	40.0	2	5	15	17	6
0.0	-12.5	40.0	2	5	10	34	3
10.8	-6.3	40.0	2	5	14	11	10
6.7	0.9	10.0	2	6	9	16	7
4.1	5.3	10.0	2	13	8	11	5
8.1	-1.6	10.0	1	19	6
9.0	-3.1	20.0	1	4	11
9.9	-4.7	10.0	1	8	17
8.1	1.6	10.0	1	5	12
9.0	3.1	20.0	2	35	3	17	3
9.9	4.7	10.0	2	12	5	32	4
2.5	6.3	10.0	2	12	6	29	2
-2.5	6.3	10.0	2	8	12	20	3
5.4	6.3	10.0	1	4	18
7.2	6.3	20.0	1	28	4
9.0	6.3	10.0	1	10	7
2.7	7.8	10.0	2	7	14	31	2
1.8	9.4	20.0	2	15	5	21	3
0.9	10.9	10.0	1	6	13
-4.1	5.3	10.0	2	32	4	18	3
-6.7	0.9	10.0	1	20	3
-2.7	7.8	10.0	2	7	16	33	3
-1.8	9.4	20.0	1	7	9
-0.9	10.9	10.0	1	31	4
-5.4	6.3	10.0	2	34	2	16	2
-7.2	6.3	20.0	1	5	17
-9.0	6.3	10.0	1	17	7
-6.7	-0.9	10.0	1	27	2
-4.1	-5.3	10.0	1	10	6
-8.1	1.6	10.0	2	7	17	4	14
-9.0	3.1	20.0	2	22	3	24	2
-9.9	4.7	10.0	2	6	15	15	5
-8.1	-1.6	10.0	1	36	4
-9.0	-3.1	20.0	2	6	11	10	9
-9.9	-4.7	10.0	1	18	4
-2.5	-6.3	10.0	1	14	6
2.5	-6.3	10.0	1	21	3
-5.4	-6.3	10.0	2	4	16	18	5
-7.2	-6.3	20.0	1	7	12
-9.0	-6.3	10.0	1	4	18
-2.7	-7.8	10.0	1	8	11
-1.8	-9.4	20.0	2	11	9	35	2
-0.9	-10.9	10.0	1	16	5
4.1	-5.3	10.0	2	6	14	7	9
6.7	-0.9	10.0	1	32	2
2.7	-7.8	10.0	2	5	14	25	3
1.8	-9.4	20.0	2	21	4	27	3
0.9	-10.9	10.0	1	18	10
5.4	-6.3	10.0	1	14	6
7.2	-6.3	20.0	1	35	3
9.0	-6.3	10.0	2	12	8	14	7
9.0	0.0	40.0	1	21	2
4.5	7.8	40.0	2	14	4	21	2
-4.5	7.8	40.0	2	17	9	17	4
-9.0	0.0	40.0	2	10	5	13	4
-4.5	-7.8	40.0	2	5	10	10	8
4.5	-7.8	40.0	2	14	5	10	5
13.5	7.8	40.0	2	7	15	6	10
0.0	15.6	40.0	2	7	12	17	3
-13.5	7.8	40.0	2	19	8	23	4
-13.5	-7.8	40.0	1	32	3
0.0	-15.6	40.0	1	10	4
13.5	-7.8	40.0	1	24	2
8.3	1.2	10.0	2	8	9	16	7
5.2	6.6	10.0	2	18	6	11	6
10.1	-2.0	10.0	1	4	16
11.3	-3.9	20.0	2	5	9	16	4
12.4	-5.9	10.0	1	18	5
10.1	2.0	10.0	2	13	8	30	3
11.3	3.9	20.0	2	17	6	30	3
12.4	5.9	10.0	2	6	13	7	8
3.2	7.8	10.0	2	5	16	29	3
-3.2	7.8	10.0	1	18	7
6.8	7.8	10.0	1	31	4
9.0	7.8	20.0	1	12	6
11.3	7.8	10.0	2	8	6	11	5
3.4	9.8	10.0	1	6	12
2.3	11.7	20.0	1	30	2
1.1	13.7	10.0	1	16	3
-5.2	6.6	10.0	2	4	14	26	4
-8.3	1.2	10.0	2	18	5	25	3
-3.4	9.8	10.0	1	19	7
-2.3	11.7	20.0	2	8	11	10	8
-1.1	13.7	10.0	2	7	13	7	10
-6.8	7.8	10.0	1	18	9
-9.0	7.8	20.0	1	22	3
-11.3	7.8	10.0	2	5	11	19	3
-8.3	-1.2	10.0	1	19	3
-5.2	-6.6	10.0	1	8	7
-10.1	2.0	10.0	1	35	3
-11.3	3.9	20.0	1	7	10
-12.4	5.9	10.0	1	6	11
-10.1	-2.0	10.0	2	14	6	24	2
-11.3	-3.9	20.0	2	8	5	25	3
-12.4	-5.9	10.0	2	17	7	22	3
-3.2	-7.8	10.0	2	5	12	28	4
3.2	-7.8	10.0	1	11	7
-6.8	-7.8	10.0	2	8	15	24	2
-9.0	-7.8	20.0	2	5	16	14	7
-11.3	-7.8	10.0	1	33	3
-3.4	-9.8	10.0	1	14	4
-2.3	-11.7	20.0	2	5	13	26	2
-1.1	-13.7	10.0	2	7	11	20	9
5.2	-6.6	10.0	2	10	10	20	5
8.3	-1.2	10.0	2	30	3	34	2
3.4	-9.8	10.0	1	30	2
2.3	-11.7	20.0	2	9	7	32	3
1.1	-13.7	10.0	1	25	4
6.8	-7.8	10.0	2	16	10	25	2
9.0	-7.8	20.0	2	6	16	4	9
11.3	-7.8	10.0	1	19	8
11.3	0.0	40.0	2	17	4	18	2
5.6	9.8	40.0	2	7	18	8	14
-5.6	9.8	40.0	2	32	3	23	3
-11.3	0.0	40.0	1	10	10
-5.6	-9.8	40.0	1	14	4
5.6	-9.8	40.0	1	14	9
16.9	9.8	40.0	1	6	16
0.0	19.5	40.0	1	10	7
-16.9	9.8	40.0	1	16	4
-16.9	-9.8	40.0	2	5	18	25	3
0.0	-19.5	40.0	2	5	13	11	6
16.9	-9.8	40.0	1	6	11
10.4	1.5	10.0	1	16	5
6.5	8.3	10.0	1	14	8
12.7	-2.4	10.0	1	24	2
14.1	-4.9	20.0	1	7	17
15.5	-7.3	10.0	2	9	9	14	6
12.7	2.4	10.0	2	29	4	22	3
14.1	4.9	20.0	2	6	17	23	3
15.5	7.3	10.0	1	13	6
3.9	9.8	10.0	1	7	11
-3.9	9.8	10.0	1	20	8
8.5	9.8	10.0	2	8	12	17	2
11.3	9.8	20.0	2	7	17	5	12
14.1	9.8	10.0	2	5	13	19	6
4.2	12.2	10.0	2	15	8	29	2
2.8	14.6	20.0	2	10	7	18	2
1.4	17.1	10.0	1	34	3
-6.5	8.3	10.0	2	7	12	6	9
-10.4	1.5	10.0	2	7	18	4	11
-4.2	12.2	10.0	1	28	3
-2.8	14.6	20.0	2	7	13	5	13
-1.4	17.1	10.0	1	18	5
-8.5	9.8	10.0	2	35	3	20	2
-11.3	9.8	20.0	2	15	9	18	4
-14.1	9.8	10.0	2	6	10	31	2
-10.4	-1.5	10.0	2	7	16	9	5
-6.5	-8.3	10.0	1	5	13
-12.7	2.4	10.0	1	13	9
-14.1	4.9	20.0	2	18	9	18	3
-15.5	7.3	10.0	2	13	7	19	4
-12.7	-2.4	10.0	1	14	7
-14.1	-4.9	20.0	2	4	16	6	15
-15.5	-7.3	10.0	1	28	2
-3.9	-9.8	10.0	1	15	5
3.9	-9.8	10.0	1	11	7
-8.5	-9.8	10.0	2	5	14	33	3
-11.3	-9.8	20.0	1	6	17
-14.1	-9.8	10.0	2	15	9	31	3
-4.2	-12.2	10.0	2	5	15	19	3
-2.8	-14.6	20.0	2	7	11	19	9
-1.4	-17.1	10.0	2	7	12	27	3
6.5	-8.3	10.0	1	17	6
10.4	-1.5	10.0	2	7	11	22	2
4.2	-12.2	10.0	2	15	6	26	3
2.8	-14.6	20.0	2	12	6	30	4
1.4	-17.1	10.0	2	20	4	28	3
8.5	-9.8	10.0	2	14	6	14	6
11.3	-9.8	20.0	2	8	13	5	13
14.1	-9.8	10.0	2	22	4	26	2